0 1 2
1 3 2
3 1 4
1 0 4
5 6 7
8 6 9
9 6 5
10 7 6
6 8 10
11 12 13
14 15 13
13 15 11
12 16 13
13 16 14
17 18 19
20 17 19
17 21 18
17 20 22
22 21 17
23 24 25
26 25 27
27 25 28
28 25 24
29 25 26
23 25 30
30 25 29
26 31 32
29 26 32
33 31 26
26 27 33
34 35 36
37 34 36
35 34 38
37 38 34
39 40 41
41 42 39
43 39 42
39 43 44
40 39 44
45 46 47
48 49 45
50 45 49
45 51 46
45 50 51
47 52 45
48 45 52
53 54 55
56 54 53
57 56 53
55 58 53
53 59 57
60 59 53
60 53 58
58 55 61
55 54 62
61 55 63
55 62 63
64 65 66
64 67 65
64 66 68
64 68 69
70 67 64
64 69 70
71 72 73
73 72 74
72 75 74
75 72 71
76 77 78
76 79 77
79 76 80
76 78 80
81 77 82
83 81 82
77 81 84
83 85 81
84 81 85
86 82 79
87 82 86
86 88 87
88 86 89
86 79 89
90 91 92
87 90 92
92 93 87
93 92 91
94 95 96
95 94 97
98 97 94
98 94 99
94 96 100
94 100 99
101 100 96
101 96 102
103 96 95
103 102 96
104 105 106
107 105 104
104 108 109
106 110 104
111 104 110
104 111 108
107 104 112
109 112 104
113 114 115
116 114 113
113 115 117
113 117 118
119 116 113
118 119 113
120 121 122
123 120 122
123 121 120
124 125 126
124 127 125
125 127 128
125 129 126
125 128 129
130 131 132
133 132 131
134 132 133
134 135 132
136 130 132
135 136 132
137 138 139
137 139 131
137 140 138
98 137 131
141 137 98
141 140 137
142 143 144
142 145 143
145 142 146
146 142 144
147 131 130
130 148 147
130 136 148
149 150 151
152 151 150
152 150 153
154 150 149
154 153 150
23 155 24
23 156 155
23 30 156
24 157 28
155 85 24
85 157 24
124 158 159
158 135 159
124 160 158
160 135 158
161 162 67
162 161 163
67 70 161
70 163 161
164 165 166
165 164 167
167 168 165
169 165 168
170 166 165
170 165 169
171 172 173
173 174 171
175 171 174
171 175 172
176 177 80
178 177 176
176 179 178
176 80 179
180 181 35
182 180 74
180 35 74
181 180 183
182 183 180
184 185 126
185 184 186
129 186 184
129 184 126
187 188 189
187 190 191
190 187 189
192 187 191
187 192 188
193 194 195
194 193 196
196 193 197
198 197 193
193 195 198
199 200 201
200 202 201
201 202 203
203 199 201
204 205 206
207 206 205
207 208 206
204 206 209
208 209 206
205 204 210
211 210 204
210 211 212
210 212 205
213 214 215
216 215 214
216 214 217
213 218 214
218 217 214
217 219 220
221 216 220
216 217 220
222 220 219
220 222 221
223 224 225
226 224 223
223 225 227
223 228 226
228 223 227
229 230 231
232 230 229
229 231 233
229 234 232
235 229 233
235 234 229
236 237 238
239 237 236
239 182 237
240 237 182
237 240 238
241 168 242
241 243 168
241 244 243
241 245 244
241 242 245
246 78 77
78 179 80
247 78 246
247 179 78
248 249 250
251 250 249
248 250 252
253 252 250
250 254 253
250 251 254
255 211 256
256 257 255
211 255 257
231 258 233
230 259 231
259 258 231
260 261 262
263 262 264
262 263 265
262 265 260
266 262 261
264 262 266
267 268 269
270 268 267
270 271 268
268 271 269
272 273 274
275 274 273
276 274 275
274 276 272
277 278 279
272 279 278
279 272 276
276 280 279
279 280 281
279 281 277
122 280 282
122 282 123
280 122 281
281 122 121
283 284 285
283 286 287
283 285 286
287 288 283
288 284 283
289 238 290
290 238 240
238 291 236
289 291 238
292 293 294
294 295 292
296 293 292
296 292 297
297 292 295
298 269 299
271 299 269
269 300 267
298 300 269
101 102 208
103 209 102
209 208 102
301 302 303
303 304 301
304 305 301
306 301 307
302 301 308
306 308 301
309 301 305
301 309 307
232 259 230
310 232 234
232 310 259
311 310 312
259 310 311
234 313 310
313 312 310
314 315 316
314 317 315
317 316 315
318 195 194
194 319 318
194 196 319
320 321 322
322 323 320
322 221 323
322 215 221
322 321 215
236 291 239
324 325 326
325 324 327
324 328 327
329 324 326
329 328 324
327 330 325
326 325 331
325 330 331
200 199 31
31 33 200
332 31 199
332 32 31
333 334 253
192 335 334
192 334 333
252 253 334
252 334 335
336 314 337
316 337 314
336 337 338
338 337 316
339 340 341
342 341 340
340 339 343
344 342 340
344 340 343
345 346 347
348 349 346
350 346 349
346 350 347
346 345 351
346 351 348
352 353 354
355 353 352
354 356 352
352 356 355
357 358 359
360 359 361
359 360 357
359 362 361
362 359 358
363 364 0
2 363 0
364 365 0
4 0 365
366 367 368
369 370 368
368 367 369
366 368 371
368 370 371
366 372 367
373 372 366
366 371 373
374 375 376
375 377 376
378 374 376
376 377 378
379 380 381
381 380 374
381 378 379
378 381 374
380 379 382
383 374 380
382 384 380
385 380 384
380 386 383
380 385 386
382 379 387
378 387 379
384 382 388
382 389 388
389 382 387
390 391 392
390 393 391
394 392 391
394 391 393
393 390 395
390 396 397
397 395 390
392 398 390
390 398 396
399 400 401
402 401 400
403 400 404
400 403 405
400 405 402
400 406 404
400 399 406
407 408 409
408 407 410
411 409 408
408 412 411
410 413 408
412 408 413
414 415 416
414 417 415
417 418 415
415 418 416
419 420 421
421 422 419
423 421 420
421 423 424
424 417 421
422 421 417
420 419 425
425 426 420
420 427 423
420 426 427
414 416 428
417 414 429
414 428 430
429 414 430
431 432 433
434 433 432
435 431 433
435 433 434
432 431 436
431 437 436
435 437 431
438 439 440
441 438 440
441 440 442
440 439 442
443 444 445
444 446 445
443 438 444
447 444 438
447 446 444
448 449 450
450 451 448
450 449 451
452 453 454
455 456 453
452 455 453
454 453 457
457 453 456
458 459 460
459 461 460
461 459 410
413 410 459
413 459 458
14 16 462
463 15 14
463 14 462
464 465 466
465 464 467
464 468 467
469 464 466
468 464 469
465 470 466
466 470 471
469 466 457
466 471 457
467 468 472
472 473 467
465 467 473
472 468 474
472 474 473
475 476 477
478 477 476
479 480 477
477 478 479
481 477 480
481 475 477
482 483 484
484 483 485
486 482 484
484 485 487
486 484 487
488 489 490
491 488 490
490 492 491
490 493 492
493 490 489
494 495 496
494 497 495
498 497 494
496 498 494
499 500 501
502 501 500
502 503 501
501 503 499
504 505 506
505 507 506
505 508 507
504 509 505
509 508 505
510 511 436
436 437 510
436 512 432
511 512 436
513 514 511
511 510 513
511 514 512
7 515 5
516 515 7
10 516 7
517 518 8
518 519 8
520 8 519
9 517 8
8 520 10
495 521 496
521 495 514
512 495 497
514 495 512
522 523 524
525 522 524
524 523 526
526 525 524
527 528 529
528 156 30
30 530 528
529 528 530
247 528 527
528 247 156
18 531 19
531 18 532
18 533 532
18 21 533
19 534 20
535 534 19
535 19 531
27 28 536
27 536 33
537 536 28
537 28 157
36 35 181
36 181 538
37 36 538
538 181 183
539 540 541
539 541 542
543 540 539
21 543 539
539 542 21
541 540 544
544 540 545
540 546 545
543 546 540
541 544 547
544 545 547
278 277 548
548 277 549
281 549 277
550 41 551
40 551 41
552 42 41
41 550 552
550 551 553
40 553 551
554 47 46
555 46 51
556 46 555
46 557 554
557 46 556
554 59 47
57 59 554
554 557 57
52 47 60
47 59 60
558 556 555
558 555 257
51 257 555
56 559 54
559 560 54
560 561 54
54 561 62
559 56 562
560 559 562
563 541 547
564 547 545
565 563 547
565 547 564
65 67 566
567 65 566
66 65 567
568 66 569
66 568 68
66 567 569
570 571 572
573 571 570
574 571 573
574 575 571
575 572 571
570 572 576
572 575 576
577 578 573
577 573 579
580 578 577
580 577 579
581 290 71
71 73 582
581 71 582
75 71 290
583 584 585
584 586 585
583 585 587
585 588 587
580 588 585
585 586 580
589 590 591
589 592 590
589 593 592
589 591 594
589 594 593
584 591 590
591 584 595
594 591 596
595 596 591
584 590 586
597 586 590
590 574 597
590 592 574
598 599 600
598 601 602
598 602 603
603 599 598
598 600 604
598 604 601
605 606 607
608 605 607
609 605 608
610 606 605
605 609 610
611 612 613
612 611 614
612 615 613
614 616 612
615 612 616
550 553 249
251 249 553
553 40 617
553 617 251
618 550 249
248 618 249
82 77 79
80 619 79
619 89 79
77 84 620
77 620 246
89 619 621
622 621 619
619 80 177
619 177 622
623 197 624
624 625 623
626 624 197
624 626 62
561 625 624
561 624 62
627 628 629
630 629 628
631 627 629
629 630 632
632 631 629
630 628 633
634 635 630
632 630 635
630 636 634
630 633 636
637 638 639
640 641 638
638 641 639
638 642 640
637 642 638
643 644 645
646 645 647
644 647 645
645 648 643
646 648 645
56 57 649
557 649 57
542 650 651
651 533 21
651 21 542
650 652 651
651 652 533
653 531 532
532 533 653
654 655 656
655 657 656
654 656 658
659 656 657
659 658 656
660 91 661
662 91 90
91 662 661
93 91 660
663 660 661
536 537 660
536 660 663
660 157 93
660 537 157
83 82 87
87 93 83
93 157 83
83 157 85
664 665 666
666 667 664
668 665 664
668 664 667
145 666 665
668 669 665
665 670 145
670 665 669
671 103 95
95 672 671
95 97 672
147 97 98
147 672 97
673 674 675
676 674 673
676 677 674
674 677 675
678 679 675
675 680 673
675 679 680
677 681 675
678 675 682
682 675 681
676 673 121
673 680 683
683 121 673
684 676 121
676 685 677
685 676 684
686 611 687
686 614 611
614 686 688
688 686 687
687 611 689
689 690 687
688 687 690
691 110 106
692 106 105
692 691 106
107 693 105
692 105 693
694 695 696
697 694 698
696 698 694
694 697 699
699 695 694
650 542 541
541 563 650
700 701 702
703 702 701
702 703 704
705 702 704
702 706 700
706 702 705
707 708 709
708 704 703
709 708 703
704 708 642
708 707 642
642 705 704
710 711 712
710 713 711
713 710 712
714 715 716
715 714 717
718 715 717
716 715 718
719 118 720
117 720 118
119 118 719
719 720 721
721 722 719
119 719 722
723 724 725
685 725 263
685 723 725
725 265 263
725 724 265
726 727 728
729 730 727
726 729 727
727 731 728
727 730 731
732 733 726
726 728 732
726 733 729
121 123 684
281 121 683
734 735 736
644 737 734
735 734 738
738 734 737
734 739 644
736 739 734
159 740 124
124 740 127
160 124 126
741 160 126
741 126 185
742 743 744
745 743 746
745 744 743
747 743 742
743 747 746
748 108 742
749 748 742
742 744 749
747 742 108
709 569 707
569 709 568
567 707 569
709 703 750
568 709 750
751 752 753
754 751 753
332 752 751
332 751 755
754 755 751
756 753 752
757 756 752
757 752 332
131 139 133
138 758 139
759 139 758
139 760 133
759 760 139
761 133 760
133 761 134
762 138 140
138 762 758
763 764 765
766 764 763
763 767 766
768 763 765
767 763 769
768 769 763
770 574 592
574 770 771
592 771 770
772 592 593
592 772 771
773 774 144
146 774 773
146 144 774
775 307 309
775 306 307
776 777 778
777 779 778
778 779 780
778 780 781
778 781 782
783 776 778
782 783 778
784 785 786
787 788 784
788 785 784
784 786 658
784 659 787
659 784 658
634 789 790
635 634 790
636 789 634
791 792 793
792 791 716
794 792 716
792 795 793
794 795 792
98 131 147
796 140 745
140 141 745
796 762 140
797 798 151
799 797 151
149 151 798
799 151 152
798 797 800
800 797 801
799 801 797
683 549 281
548 549 802
549 683 802
803 804 805
803 805 806
807 805 804
647 806 805
805 807 647
302 808 303
800 808 302
302 308 800
602 721 720
117 603 720
602 720 603
721 602 809
721 809 722
810 811 812
810 813 811
811 813 812
812 814 810
814 655 810
810 655 813
815 816 812
816 817 812
814 812 817
815 812 813
818 819 820
818 821 175
818 822 821
820 822 818
823 819 818
823 818 175
824 825 826
827 826 825
824 826 196
196 826 641
641 826 827
824 828 825
828 829 825
829 827 825
830 824 196
824 831 828
830 831 824
90 88 832
88 90 87
88 89 832
833 834 835
833 836 834
837 833 838
839 833 835
833 837 840
836 833 840
839 711 833
833 711 838
796 841 842
796 745 841
796 842 762
841 843 842
843 844 842
844 762 842
845 846 765
765 846 768
768 846 847
847 846 845
845 765 848
845 848 849
845 849 847
850 765 764
848 765 850
851 852 853
854 853 852
853 854 855
670 851 853
855 670 853
786 785 856
857 786 856
786 857 658
856 858 766
785 858 856
856 766 767
856 767 859
856 859 860
857 856 860
109 108 748
747 108 861
108 111 861
862 863 864
864 863 865
688 862 864
865 866 864
688 864 866
867 868 869
870 871 869
872 869 871
867 869 872
869 868 873
870 869 873
832 874 669
89 874 832
621 874 89
874 621 851
874 851 670
670 669 874
875 155 620
620 84 875
875 85 155
875 84 85
156 620 155
620 156 246
246 156 247
134 159 135
135 160 136
876 877 148
136 876 148
877 876 160
876 136 160
570 226 573
224 226 570
224 570 576
579 573 226
578 597 573
574 573 597
642 878 640
878 642 707
878 567 640
878 707 567
879 560 562
562 313 879
56 313 562
313 56 649
52 880 48
48 881 49
881 48 882
48 880 882
880 52 61
880 61 882
50 49 881
566 67 162
43 883 884
42 883 43
885 883 886
885 884 883
42 887 883
887 886 883
43 884 888
43 888 889
44 43 889
890 107 891
891 882 890
882 891 112
891 107 112
892 693 890
107 890 693
892 890 63
882 63 890
893 894 895
894 595 895
894 893 896
896 897 894
894 898 595
897 899 894
898 894 899
900 621 622
901 622 177
900 622 538
538 622 901
902 903 904
903 902 794
904 905 902
795 794 902
905 795 902
906 907 904
903 908 904
906 904 908
904 907 909
904 909 905
166 910 164
652 910 166
166 170 652
911 912 913
913 912 914
913 914 915
916 913 915
913 916 911
821 917 172
172 175 821
822 917 821
918 919 613
919 689 613
689 611 613
920 918 613
920 613 615
921 922 923
922 924 923
921 923 925
924 129 923
925 923 129
32 755 29
755 32 332
30 29 530
530 29 755
926 141 98
926 98 99
672 147 148
37 901 177
538 901 37
927 928 929
927 930 928
930 927 931
929 931 927
932 933 929
934 932 929
934 929 928
933 931 929
930 935 928
928 935 934
244 245 936
937 243 244
244 936 937
938 936 245
731 936 938
731 939 936
937 936 939
740 159 761
134 761 159
940 128 127
941 127 740
940 127 941
942 943 837
943 942 944
942 945 944
946 942 837
942 946 947
945 942 947
948 949 950
949 951 950
950 951 952
948 950 899
952 899 950
264 953 952
953 264 898
953 899 952
898 899 953
954 74 35
35 38 955
35 955 954
956 957 958
959 958 957
960 959 957
957 961 960
956 961 957
679 678 962
963 962 678
963 678 682
964 679 962
964 962 963
802 680 679
965 802 679
965 679 964
966 912 911
967 966 968
969 966 911
969 968 966
967 914 966
912 966 914
654 970 655
971 970 654
971 654 658
807 972 646
646 647 807
972 648 646
123 267 973
300 973 267
684 973 300
684 123 973
267 282 270
267 123 282
974 975 976
976 975 617
974 977 975
975 978 617
975 977 978
974 979 977
980 974 976
974 980 979
212 981 982
983 982 981
981 212 881
881 882 981
882 983 981
189 188 984
985 188 986
984 188 985
188 192 986
586 597 578
586 578 580
987 988 989
990 987 989
988 987 991
991 987 992
993 987 990
993 872 987
992 987 872
994 995 996
997 996 995
998 996 997
994 996 198
996 998 198
994 195 999
999 195 318
994 198 195
560 879 561
746 843 841
1000 843 746
746 841 745
1000 746 861
746 747 861
211 50 212
881 212 50
257 50 211
257 51 50
203 332 199
329 1001 202
1001 329 1002
202 1001 203
1001 757 203
757 1001 1003
1001 1002 1003
202 200 328
328 200 1004
200 33 1004
207 205 1005
212 1005 205
256 211 204
209 256 204
256 1006 1007
256 209 1006
1007 257 256
534 535 955
38 534 955
20 534 22
38 22 534
688 866 614
616 614 866
1008 177 178
178 179 1008
1009 816 815
1010 815 1011
1009 815 1010
815 813 1011
992 1012 991
870 992 871
992 870 1012
872 871 992
943 840 837
837 838 946
944 1013 943
316 840 943
1013 316 943
835 271 839
835 1014 271
1014 835 834
834 836 1014
1015 1016 1017
1018 1015 1017
1018 791 1015
1015 791 1016
1019 272 278
1019 278 1009
278 548 1009
1020 527 1021
527 529 1021
527 1020 179
247 527 179
1022 1020 1021
1020 1022 1008
1020 1008 179
764 766 858
248 1023 618
1024 550 618
618 1023 1024
217 921 1025
217 1025 219
218 921 217
213 1026 1027
1026 213 215
218 213 1027
128 940 1028
941 1028 940
1028 1029 128
1030 1029 1028
1030 1028 855
1028 941 855
128 1029 129
1025 1030 219
1025 1031 1030
1025 921 925
1025 925 1031
1032 588 1033
1032 1033 822
822 820 1032
588 1032 587
820 587 1032
1034 963 1035
1034 1035 1036
949 1036 1035
949 1035 682
1035 963 682
1034 1036 1037
1038 1039 1034
1034 1037 1038
1039 964 1034
963 1034 964
949 1037 1036
304 303 808
808 1040 304
1040 1041 304
1041 1042 304
304 1042 305
1043 1041 1040
1041 1043 1042
994 999 1044
1044 995 994
995 1045 997
995 1044 1045
800 308 798
308 1046 798
1047 798 1046
798 1047 149
1048 858 785
1049 858 1048
858 1049 764
1050 1051 1052
1050 862 1051
1052 1051 1053
1051 690 1053
690 1051 688
688 1051 862
809 602 601
1054 892 1055
693 892 1054
1054 692 693
692 1054 1055
1056 782 1057
1057 1058 1056
1057 781 1058
1057 782 781
1059 1056 1058
1058 781 1059
1060 1061 1062
1061 1060 809
1062 1061 1063
1061 601 1063
1061 809 601
1064 884 885
884 1065 888
1064 1065 884
924 922 1066
1066 129 924
186 1066 1067
1066 1068 1067
1068 1066 922
186 129 1066
186 1067 185
1069 1070 1071
1072 1069 1073
1073 1069 1074
1071 1074 1069
1069 1072 1075
1076 1069 1075
1070 1069 1076
1077 1072 1073
1077 1073 1078
1079 1078 1073
1074 1079 1073
1080 862 1050
1080 1050 317
1052 317 1050
1053 317 1052
228 579 226
1045 225 224
227 225 1044
225 1045 1044
224 576 1045
628 579 633
633 579 228
580 579 628
1081 1082 1083
1083 1082 1084
1082 1085 1084
1082 1081 1085
956 1086 1087
958 1086 956
958 865 1086
863 1087 1086
863 1086 865
956 1087 1088
1087 862 1088
863 862 1087
1084 1089 1083
1089 1084 1090
576 1089 1090
1083 1089 1091
1091 1089 576
1083 1092 1081
1091 1092 1083
1085 1081 920
1092 920 1081
290 581 289
581 582 1093
1094 289 581
581 1093 1094
240 75 290
968 1095 967
967 1095 914
717 1095 1096
968 1096 1095
1095 717 1097
1097 914 1095
989 988 1098
990 989 1099
1099 989 608
1047 608 989
1047 989 1098
990 1099 607
607 1099 608
1100 1101 948
948 1101 1037
1102 1037 1101
1102 1101 1100
948 1037 949
948 899 1100
941 740 773
761 773 740
1103 1027 1026
1027 1103 1104
218 1027 1104
1105 1106 988
991 1105 988
988 1106 154
154 1098 988
1107 1106 1108
1105 1108 1106
1107 153 1106
1106 153 154
1065 889 888
1109 1110 889
1111 889 1110
44 889 1111
1065 1109 889
1043 1112 1113
1113 1114 1043
1115 1113 1112
1115 1114 1113
1040 800 1043
801 1043 800
801 1112 1043
1114 1042 1043
546 543 1116
1116 1117 546
543 22 1116
1117 1116 22
1118 1119 1120
1120 1121 1118
1122 1118 1121
1118 1123 1119
1122 1123 1118
1124 1125 1126
1127 116 1124
1126 1127 1124
1124 116 119
1124 119 1125
1128 1129 1130
1130 1131 1128
1132 1128 697
1129 1128 1132
699 697 1128
699 1128 1131
1130 1129 293
293 1133 1130
1133 1131 1130
808 800 1040
239 183 182
182 75 240
182 74 75
74 954 73
1134 207 1005
982 1134 1005
212 982 1005
242 168 1135
242 1135 245
1136 939 731
939 1136 937
101 207 100
207 101 208
207 1134 100
1137 1138 1139
1140 1139 1138
1139 1141 1137
1141 1139 1140
1119 1071 1120
1121 1120 1140
1120 1071 1141
1140 1120 1141
1029 1030 1031
1030 855 219
926 99 1142
926 744 141
744 926 1142
745 141 744
1142 99 100
1142 1134 1143
1142 100 1134
1143 744 1142
112 748 749
109 748 112
58 61 60
1144 1145 1146
1145 1144 1147
1144 1022 1147
1117 1022 1144
1144 1146 1148
1144 1148 1117
1149 1150 1151
1151 1150 1056
1151 1056 1097
714 1151 1097
1151 714 1149
1152 609 1153
1152 1153 308
1046 1153 609
1046 308 1153
1024 552 550
1154 895 1155
1155 595 583
1155 895 595
1154 1155 1156
587 1155 583
587 1156 1155
749 1143 983
749 744 1143
749 983 112
319 789 318
1157 318 789
789 319 790
636 1157 789
258 828 233
235 233 625
828 831 233
625 233 831
829 828 258
259 1158 258
258 1158 829
272 1019 273
273 1019 1011
1019 1010 1011
1019 1009 1010
1011 712 273
813 712 1011
273 839 275
273 711 839
273 712 711
599 115 1159
117 115 599
117 599 603
599 1159 1160
1160 600 599
317 836 840
836 317 1014
683 680 802
741 185 1067
275 271 270
276 275 270
270 282 276
271 275 839
299 271 1014
335 1023 248
335 248 252
1023 335 191
335 192 191
280 276 282
850 764 1049
1114 848 850
1042 1114 850
1049 1042 850
1161 533 652
653 533 1161
1161 170 653
170 1161 652
1111 1110 976
336 1110 1109
980 976 1110
336 338 1110
980 1110 338
1162 287 1163
1163 287 286
287 1164 288
287 1162 1164
701 285 284
701 284 703
703 284 750
288 750 284
701 700 285
285 700 1165
1165 286 285
63 882 61
60 61 52
1166 848 1114
848 1166 849
1167 1168 1169
1169 1168 173
1168 174 173
1168 1167 1170
1168 1171 174
1171 1168 1170
1167 1169 1172
173 172 1169
1169 1173 1172
1173 1169 172
1174 1167 1172
1174 1175 1167
1170 1167 1175
832 662 90
832 669 662
668 662 669
263 264 951
685 263 951
1170 1176 1177
1177 909 1178
1176 909 1177
1170 1177 1171
1177 1178 1171
1179 1180 1178
1180 932 1178
1179 1178 909
1178 932 1171
320 323 239
321 320 291
320 239 291
1181 1026 321
1026 215 321
321 291 1181
1182 1181 289
1026 1181 1103
1181 1182 1103
291 289 1181
600 1183 604
1160 1183 600
999 1157 227
1157 999 318
999 227 1044
1157 636 227
227 636 228
1184 897 1185
1186 1187 1185
1188 1189 1185
1188 1185 1187
1186 1185 896
897 896 1185
1189 1190 1185
1184 1185 1190
899 897 1184
116 868 867
116 1127 868
1127 873 868
1191 1192 1193
1194 916 1191
1191 1195 1192
916 1195 1191
1191 1196 1194
1196 1191 1193
294 293 1129
1133 293 296
294 1129 1197
1198 1197 1129
1129 1132 1198
584 583 595
1088 336 956
956 336 961
1199 1176 1200
1201 1199 1200
1176 1199 909
1199 905 909
795 1199 1201
1199 795 905
1100 1184 1190
1184 1100 899
1150 1149 1202
1150 1202 1203
782 1150 1203
782 1056 1150
1149 1204 1202
1202 776 1203
1018 1202 1204
776 1202 1018
773 855 941
1205 162 163
1205 566 162
632 1205 163
632 163 70
1205 632 635
1205 635 640
640 566 1205
239 323 183
1206 323 221
183 323 1206
900 1206 1207
538 1206 900
1207 1206 222
1206 221 222
1206 538 183
759 758 1208
1208 1209 759
759 1209 760
1210 1208 758
762 1210 758
1074 1071 1119
1074 1119 1123
1211 991 1012
991 1211 1105
1211 1012 1108
1105 1211 1108
982 983 1143
982 1143 1134
1212 298 299
298 1212 300
1212 299 1053
1014 1053 299
196 790 319
877 1213 148
671 148 1213
671 672 148
1214 305 1048
305 1214 309
1042 1049 305
1049 1048 305
816 1009 548
1215 1216 1217
1216 1215 1096
1215 1217 1096
1218 1126 1125
722 1218 1125
1125 119 722
295 294 1219
295 1219 1220
295 1220 1221
297 295 1221
1222 294 1197
1222 1219 294
1023 191 190
1223 1197 1198
1222 1197 1223
297 1224 1225
297 1226 1224
1163 1224 1226
1225 1224 1163
1227 642 637
637 829 1227
829 637 639
1228 705 1227
705 642 1227
1227 829 1228
639 641 827
639 827 829
1229 1230 1231
1229 1232 1230
1232 1229 1233
1234 1229 1231
1233 1229 1234
1018 1204 791
716 1204 1149
716 791 1204
1145 545 1146
545 1148 1146
1147 564 1145
545 1145 564
753 756 1126
1218 753 1126
756 1127 1126
753 1235 754
753 1218 1235
754 1236 530
754 530 755
754 1235 1236
925 1029 1031
925 129 1029
730 1237 1136
730 729 1237
730 1136 731
218 922 921
33 1238 1004
33 536 1238
235 879 234
234 879 313
561 879 235
851 621 852
794 716 718
794 718 903
333 253 1239
1239 1240 333
1239 1241 1240
254 1242 1239
254 1239 253
849 1241 1239
1239 1242 849
1127 756 1243
1003 756 757
1243 756 1003
1244 1180 1179
1244 1179 909
1244 933 1180
1180 933 932
314 862 1080
1088 862 314
336 1088 314
317 314 1080
627 631 1033
588 628 627
627 1033 588
628 588 580
631 917 1033
917 631 632
261 772 593
261 260 772
261 593 266
594 596 593
596 266 593
582 1245 1093
1246 1093 1245
1246 1094 1093
529 1236 1021
1021 1247 1022
1021 1236 1247
529 530 1236
1236 1235 1247
830 197 623
831 830 623
623 625 831
196 197 830
216 221 215
907 906 1248
907 1248 909
1214 1249 775
775 309 1214
1048 1250 1214
1214 1250 1249
1223 1198 1132
1251 116 867
114 116 1251
867 1252 1251
114 1251 1252
1253 1254 1255
1253 1255 1256
1253 1257 1254
1253 1256 1257
149 1098 154
1047 1098 149
803 1258 1259
1259 804 803
1260 1258 803
803 806 1260
1261 804 1259
804 1261 1262
1262 1256 804
1256 807 804
1090 998 997
576 997 1045
576 1090 997
663 661 1263
662 1263 661
536 663 1264
1265 663 1263
1264 663 1265
1266 1263 668
662 668 1263
1263 1266 1265
546 1148 545
1138 1259 1258
1140 1258 1260
1258 1140 1138
1259 1138 1261
1267 1107 1108
153 1107 152
1107 1267 1268
1268 152 1107
1267 1269 1270
1267 1108 331
1269 1267 331
1270 1268 1267
1070 1137 1141
1271 1138 1137
1070 1272 1137
1271 1137 1272
723 300 1212
723 684 300
1273 1274 1275
1276 1275 1274
1277 1275 1276
1275 1277 1278
1275 1278 1273
1090 1084 998
1279 857 1280
857 1279 658
658 1279 1280
819 1156 820
820 1156 587
636 633 228
326 331 1108
329 326 1108
1269 330 327
331 330 1269
1260 806 739
806 647 739
1281 944 945
945 947 860
860 1281 945
1282 886 1283
1283 844 1282
1284 1283 886
1283 1210 844
1284 1210 1283
908 1248 906
736 1121 1260
1121 1140 1260
736 1122 1121
843 1282 844
1282 843 1285
1000 1285 843
1247 1147 1022
1022 1117 1008
328 329 202
328 1238 327
1238 328 1004
984 985 1264
1238 536 1264
1238 1264 985
1265 984 1264
1225 286 1165
1225 1163 286
1286 548 1287
816 548 1286
1288 1286 1287
1289 1286 1288
817 1286 1289
1286 817 816
1290 1291 1292
1291 1290 1293
1291 1294 1292
1295 1291 1293
1295 1294 1291
167 1135 168
168 243 169
1149 714 716
1296 1297 1298
1298 1299 1296
1300 1301 1296
1301 1297 1296
1300 1296 1302
1302 1296 934
1299 934 1296
852 900 1207
854 852 1207
1207 222 854
736 735 1122
739 736 1260
1303 1304 1223
1304 1222 1223
1303 1223 698
698 1223 1132
1059 1305 1306
1305 1059 781
915 1059 1306
1056 1059 915
1307 1305 1308
1305 1307 1306
781 1308 1305
893 895 1154
790 196 641
1309 1055 892
1084 1085 1055
1084 1055 998
1309 998 1055
692 1055 1085
1023 190 1024
1310 1262 1311
1256 1262 1310
1311 1257 1310
1257 1256 1310
1311 1262 1312
1261 1312 1262
854 222 219
854 219 855
1313 1297 1301
1313 823 1297
1298 1297 823
877 1314 1213
1314 877 1315
741 877 160
877 741 1315
951 682 681
951 681 677
986 1269 327
327 985 986
985 327 1238
1109 961 336
961 1109 1065
1316 1317 1318
1319 1317 1320
1319 1318 1317
1317 1316 1321
1321 1320 1317
1158 259 1322
311 1322 259
1323 1324 1325
1326 1324 1323
1324 1326 1327
1324 1327 1325
892 626 1309
998 1309 626
1328 893 1154
1328 896 893
1328 1186 896
1154 1156 1328
819 1328 1156
819 1186 1328
1002 1108 1012
1002 329 1108
1012 870 1002
870 1003 1002
865 958 1329
1329 866 865
1330 1331 1332
1332 1331 333
986 1331 1330
1331 192 333
1331 986 192
1333 1334 1330
1332 1333 1330
986 1330 1334
1245 729 1246
1094 1246 729
1307 1308 1335
1335 1308 780
780 1308 781
1071 1070 1141
1272 1070 1076
1133 296 1225
297 1225 296
260 1336 772
260 1337 1336
1336 1337 919
771 772 1336
771 1336 919
903 718 908
1111 976 44
782 1203 783
783 1203 776
971 813 970
655 970 813
698 1132 697
621 900 852
1338 556 558
558 257 1338
1270 1269 1334
1333 1270 1334
1268 1270 1333
986 1334 1269
1339 1325 1340
1339 1341 1325
1342 1341 1339
1343 1342 1339
1339 1340 1344
1339 1344 1343
1311 1312 1345
1346 1312 1261
1346 1345 1312
1102 1100 1190
838 711 713
838 713 946
1115 1241 1166
1114 1115 1166
1166 1241 849
700 706 1165
1240 1332 333
1332 1268 1333
1332 1240 1268
1276 1039 1038
1276 964 1039
670 144 143
145 670 143
1265 189 984
652 650 563
750 288 568
1164 568 288
1164 68 568
1347 1348 1349
1349 1350 1347
1350 1349 1351
1349 1352 1353
1351 1349 1353
1349 1354 1352
1349 1348 1354
1355 1356 1357
1355 1357 1358
1355 1359 1356
1360 1355 1358
1355 1360 1359
1361 1362 1363
1363 1362 1364
1365 1364 1362
1365 1362 1361
354 353 1366
353 1361 1363
1363 1366 353
353 355 1361
1361 355 1365
1367 1368 1369
1370 1367 1369
1369 1368 1371
1371 1370 1369
1372 1373 1374
1375 1372 1374
1374 1373 1376
1375 1374 1376
1372 1377 1378
1372 1375 1377
1379 1373 1372
1379 1372 1378
1380 1376 1381
1376 1382 1381
1381 1383 1380
1383 1381 1382
1375 1376 1380
1383 1375 1380
1384 1385 1378
1386 1378 1385
1378 1386 1387
1387 1364 1378
1377 1384 1378
1364 1379 1378
1388 1389 1390
1388 1390 1391
1390 1389 1391
1392 1393 1394
1395 1393 1392
1393 1395 1391
1391 1394 1393
1396 1397 1385
1398 1396 1385
1399 1397 1396
1398 1399 1396
1400 1401 1402
1402 1403 1400
1400 1403 1404
1404 1399 1400
1401 1400 1399
1405 1406 1386
1406 1407 1386
1406 1405 1408
371 1406 1408
1407 1406 371
1409 1410 1411
1412 1410 1409
1411 1412 1409
364 363 360
1413 360 363
1414 1413 363
363 1415 1414
1415 363 1416
1416 363 2
1417 1418 1419
1418 1417 1420
1421 1419 1418
1420 1422 1418
1418 1422 1421
1419 1421 1423
1417 1419 1423
360 361 364
365 364 361
358 357 1424
1425 1424 357
360 1413 357
1426 1425 357
1413 1426 357
1427 1428 1429
1428 1427 1430
1427 1431 1430
1431 1427 1432
1433 1432 1427
1434 1433 1427
1434 1427 1429
361 362 365
1435 1436 1437
1437 1438 1439
1439 1435 1437
1440 1438 1437
1436 1440 1437
362 1441 1442
362 1442 1443
1442 1444 1443
1444 1442 1441
1445 1446 1447
1448 1447 1449
1447 1448 1445
1446 1450 1447
1447 1450 1449
1445 1451 1446
1445 1448 1452
1445 1452 1453
1451 1445 1453
1454 1455 1451
1455 1454 1456
1457 1456 1454
1457 1454 1458
1451 1458 1454
1459 1460 1461
1459 1462 1463
1462 1459 1464
1461 1464 1459
1465 1460 1459
1463 1465 1459
1466 1467 1468
1452 1467 1466
1452 1469 1467
1467 1469 1470
377 1468 1467
1467 1470 377
1471 1466 1468
1468 375 1471
1468 377 375
2 3 1472
1469 2 1472
1469 1472 1470
1470 1472 378
378 1472 3
1466 1453 1452
1453 1466 1471
1473 1474 1475
1474 1473 1476
1473 1477 1476
1475 1477 1473
1478 1479 1476
1476 1480 1474
1479 1480 1476
1478 1476 1481
1481 1476 1477
387 3 4
389 387 4
3 387 378
1482 1483 1484
1482 1485 1483
1484 389 1482
1482 389 1485
1486 1487 392
394 1486 392
392 1487 398
1488 1489 1490
1489 1488 1491
1490 1492 1488
1492 1491 1488
1490 1489 1493
1492 1490 1494
1490 1493 1494
1495 1489 1491
1489 1496 1493
1496 1489 1495
1424 1425 1497
1498 1424 1499
1497 1499 1424
1498 1500 1424
1501 1424 1500
1424 1501 358
358 1501 362
1502 1503 1504
1502 1499 1503
1499 1504 1503
1505 369 367
1505 367 372
1506 1507 1508
1509 1506 1508
1506 1509 1510
1511 1506 1510
1511 1507 1506
1512 1508 1507
1507 1513 1512
1507 1514 1513
1514 1507 1511
1515 1516 1517
1516 1515 1518
1450 1515 1517
1450 1518 1515
1519 1455 1520
1520 1455 1456
1520 1521 1519
1521 1520 1456
1463 1522 1457
1456 1457 1522
1522 1463 1462
1521 1456 1522
1521 1522 1462
1523 1524 1525
1526 1527 1525
1525 1528 1526
1528 1525 1524
1525 1527 1529
1525 1529 1523
1526 435 1527
1530 1527 435
1527 1530 1529
1531 1532 1533
1532 1531 1534
1531 1535 1534
1528 1531 1533
1528 1535 1531
1536 1479 1478
1536 1537 1479
1480 1479 1537
1538 1539 1540
1539 1538 1541
1539 1542 1540
1543 1542 1539
1539 1541 1543
1544 1545 1439
1544 1546 1547
1439 1546 1544
1544 1548 1545
1548 1544 1547
1549 1484 1483
1484 1549 1550
389 1484 1550
1551 1552 1487
1487 1486 1551
1553 1487 1552
1487 1553 398
1551 1554 1552
1552 1554 1553
1496 1555 1493
1555 1494 1493
1556 1557 1558
1444 1559 1557
1559 1558 1557
1560 1557 1556
1561 1444 1557
1557 1560 1561
1505 1562 1563
372 1562 1505
1564 1505 1563
1564 369 1505
1565 1566 1567
1568 1567 1566
1568 1566 1569
1566 1565 1569
1570 1519 1521
1570 1518 1519
1455 1519 1518
1464 1571 1462
1571 1521 1462
1572 1521 1571
1573 1571 1464
1571 1573 1572
1530 435 1572
1572 1529 1530
1478 1574 1536
1575 1536 1574
1537 1536 1575
1574 1478 1576
1576 1478 1481
1577 1578 1579
1580 1578 1577
1581 1580 1577
1582 1577 1579
1577 1582 1581
1583 1579 1578
1578 1584 1583
1584 1578 1585
1586 1585 1578
1587 1578 1580
1578 1587 1586
1588 1583 1584
1582 1579 1583
1583 1588 1589
1582 1583 1589
1491 1492 1590
1591 1491 1590
1592 1495 1491
1592 1491 1591
1590 1593 1591
1591 1594 1592
1594 1591 1593
1595 1596 1597
1596 1598 1597
1598 1596 1599
1600 1599 1596
1596 1595 1600
1601 1602 1603
1601 1604 1602
1603 1605 1601
1601 1606 1604
1606 1601 1605
1607 1608 1609
1609 1610 1607
1610 1609 1611
1612 1611 1609
1612 1609 1613
1608 1613 1609
1614 1615 1616
1614 1617 1615
1615 1617 1618
1569 1615 1618
1615 1569 1616
1614 1616 1619
1565 1619 1616
1565 1616 1569
1620 1621 1622
1623 1622 1621
1621 1624 1623
1624 1621 1517
1621 1620 1517
1570 1625 1626
1625 1570 1521
1626 1518 1570
1627 1628 1629
1627 1630 1631
1630 1627 1629
1631 1535 1627
1628 1627 1535
1632 1633 1634
1634 1574 1632
1634 1633 1575
1574 1634 1575
1635 401 1636
1636 401 1637
1638 1636 1637
1636 1638 1639
1636 1639 1635
401 1635 399
1640 401 402
1641 1637 401
401 1640 1641
1642 399 1635
1639 1642 1635
1643 406 399
1642 1643 399
1642 1644 1645
1646 1645 1644
411 1644 1647
1644 411 1646
1642 1639 1644
1647 1644 1639
1648 1645 1649
1649 1645 1650
1646 1650 1645
1651 1645 1648
1645 1651 1642
1652 1649 1650
1649 1653 1654
1652 1653 1649
1649 1655 1648
1654 1655 1649
1638 1656 1647
1657 1647 1656
1647 1657 411
1639 1638 1647
1638 1658 1656
1637 1658 1638
1659 1660 1661
1661 1662 1663
1661 1660 1662
1661 1664 1659
1664 1661 1663
1660 1659 1665
1660 1665 1666
1667 1660 1666
1668 1660 1667
1668 1669 1660
1662 1660 1669
1670 1671 1672
1670 1672 1673
1672 1671 1674
1673 1672 1675
1675 1672 1674
1671 1676 1677
1671 1670 1676
1677 1678 1671
1674 1671 1678
1679 1680 1681
1682 1680 1683
1680 1679 1683
1682 1684 1680
1684 1681 1680
1681 1685 1679
1678 1683 1679
1678 1679 1685
1686 1687 1688
1686 1689 1687
1688 1687 1690
1687 1691 1690
1691 1687 1689
1692 1693 1694
1695 1693 1696
1695 1694 1693
1693 1692 1617
1693 1617 1696
1697 525 526
1697 1698 525
1699 1697 526
1697 1569 1698
1697 1699 1569
1700 1701 1702
1701 1700 1703
1703 1704 1701
1705 1702 1701
1705 1701 1704
1706 1707 1708
1706 1708 522
1709 1623 1706
1707 1706 1710
1623 1710 1706
1709 1706 1705
522 1705 1706
1711 1712 1713
1714 1712 1711
498 1714 1711
1711 1713 498
1715 1713 1625
1625 1713 1626
1713 1712 1626
1715 498 1713
1625 1716 1715
1715 1716 497
497 498 1715
1707 1712 1708
1710 1712 1707
1631 1630 1717
1535 1631 1717
1718 1719 1720
1719 1721 1722
1723 1720 1719
1722 1723 1719
1721 1719 1724
1719 1718 1724
341 1725 339
339 1725 1723
339 1723 343
1725 341 1726
341 342 1726
1727 1728 1729
1730 1727 1731
1727 1730 1732
1727 1732 1733
1733 1728 1727
1734 1731 1727
1729 1734 1727
1731 1735 1736
1731 1734 1735
1737 1735 1738
1734 1738 1735
1735 1739 1736
1735 1737 1739
1721 1740 1741
1721 1629 1740
1629 1742 1740
1740 1742 1741
1743 1744 1745
1743 1745 1746
455 1745 1744
1747 1745 455
1745 1747 1748
1748 1746 1745
1749 1750 1751
1752 1749 1751
1753 1751 1750
1753 1752 1751
1754 402 405
1754 1640 402
1643 404 406
1643 1642 1651
441 1643 1651
404 1643 442
1643 441 442
1755 447 441
1654 447 1755
1654 1755 1655
441 1651 1755
1755 1651 1655
409 1756 407
409 411 1657
1756 409 1757
1657 1757 409
1757 1657 1656
1758 1756 1759
1760 407 1756
1760 1756 1758
1757 1759 1756
1761 1762 1763
1762 1764 1763
1763 1765 1761
1764 1766 1763
1765 1763 1766
1762 1767 1764
1767 1762 1768
1761 1769 1762
1762 1769 1768
1765 1766 1770
1765 1770 1771
1766 1771 1770
1772 1773 1774
1773 1775 1774
1774 1775 1776
1776 1777 1774
1774 1778 1772
1777 1778 1774
1779 1780 1781
1779 1781 1782
1779 1782 1778
1780 1779 1778
1783 1784 1785
1786 1783 1785
1783 1786 1787
1787 1788 1783
1784 1783 1788
1789 1790 1787
1787 1786 1789
1788 1787 1790
1791 1785 1792
1784 1792 1785
1785 1791 1786
1790 1789 1793
1790 1794 1788
1793 1794 1790
1795 1793 1789
1794 1793 1795
1796 1797 1798
1799 1798 1800
1798 1799 1796
1801 1800 1798
1798 1802 1801
1798 1797 1802
1803 422 1804
1805 1804 429
1805 1803 1804
417 429 1804
417 1804 422
426 1806 1807
1808 1807 1806
1809 1810 1806
1808 1806 1810
1806 426 493
493 1809 1806
1811 1812 1813
1811 1814 1812
1815 1813 1812
1814 1815 1812
428 1813 1816
1817 1816 1813
428 1816 1818
1818 1816 1817
1819 1820 1821
1822 1820 1823
1822 1821 1820
1820 1815 1823
1815 1820 1819
1824 1822 1823
1823 1825 1824
1824 1825 1826
1826 1822 1824
1827 1828 1829
1830 1828 1827
1828 1830 1831
1831 1829 1828
1832 1716 1625
1716 1832 434
434 497 1716
1521 1832 1625
515 1630 5
5 1630 9
504 1833 1725
1725 1834 504
1726 1834 1725
1725 1833 1723
1835 1836 1837
1836 1835 1726
1834 1726 1835
509 1834 1835
1837 509 1835
1838 1839 1840
1841 1840 1839
1839 1842 1841
1843 1842 1839
1839 1838 1843
1844 1736 1845
1736 1846 1845
1844 1731 1736
1846 1736 1739
1847 1848 1849
1849 1848 1846
1739 1849 1846
1849 1739 1847
1723 1722 1850
1722 1748 1850
1748 1722 1721
1851 1852 1750
1750 1853 1851
1853 1750 1854
1750 1749 1854
1852 1855 1750
1753 1750 1855
1852 1851 1856
1855 1852 1856
404 1857 403
403 1858 1856
1856 405 403
1858 403 1859
1859 403 1857
442 1860 1857
442 1857 404
1859 1857 1860
439 1861 1862
1861 1863 1862
1862 1863 1860
1862 442 439
1860 442 1862
1863 1861 1864
1861 1865 1864
1861 439 1866
1865 1861 1866
445 1867 443
439 438 443
443 1867 1866
443 1866 439
1867 445 1868
1869 1868 445
445 446 1869
446 447 1870
1870 1871 446
1869 446 1871
1868 1872 1867
1867 1872 1866
1873 1874 1875
456 1876 1875
1874 456 1875
1876 1855 1875
1877 1873 1875
1875 1855 1877
1878 1871 1879
1879 1880 1878
1880 1879 1881
1882 1879 1871
1879 1882 1881
1883 1884 1885
1884 1883 1886
1886 1887 1884
1884 1888 1885
1887 1888 1884
1889 410 407
407 1760 1889
1890 1891 1892
1892 1893 1890
1890 1893 461
410 1890 461
410 1889 1890
1891 1890 1889
1894 1895 1896
1667 1897 1894
1897 1895 1894
1894 1898 1667
1898 1894 1896
1899 1900 1901
1902 1901 1900
1899 1902 1900
1901 1903 1904
1905 1901 1904
1899 1901 1905
1903 1901 1902
1906 1769 1761
1907 1761 1765
1761 1907 1906
1908 1765 1909
1910 1909 1911
1909 1910 1908
1771 1911 1909
1771 1909 1765
1912 1911 1913
1910 1911 1912
1581 1911 1771
1582 1913 1911
1911 1581 1582
1914 1915 1913
1914 1916 1915
1917 1913 1915
1918 1917 1915
1916 1918 1915
1919 1920 1921
1918 1919 1921
1919 1674 1920
1675 1674 1919
1675 1919 1918
1773 1772 1922
1773 1923 1775
1923 1773 1922
1924 1922 1772
1925 1924 1772
1924 1926 1922
1924 1925 1927
1927 1926 1924
1928 1929 1925
1928 1925 1782
1772 1782 1925
1929 1927 1925
1930 1931 1932
1933 1934 1932
1932 1935 1933
1935 1932 1931
1932 1936 1930
1936 1932 1934
1784 1937 1792
1938 1792 1937
1791 1792 1938
1939 1940 1941
1941 1940 1942
1941 1943 1939
1943 1941 1944
1942 1944 1941
1942 1945 1946
1947 1948 1946
1945 1947 1946
1948 1949 1946
1949 1942 1946
1950 1939 1951
1939 1945 1940
1943 1951 1939
1939 1952 1945
1952 1939 1950
1953 1954 1955
1956 1953 1955
1947 1956 1955
1955 1954 1947
1957 1953 1958
1953 1957 1954
1953 1956 1958
1959 1954 1957
1957 1958 1960
1957 1961 1959
1961 1957 1960
1958 1956 1960
1962 1963 1964
1963 1965 1964
1966 1965 1963
1963 1962 1966
1967 1964 448
448 1964 449
1967 448 451
1968 344 1969
1969 1848 1968
1968 1848 344
1970 1971 1972
1971 1970 1973
1974 1972 1971
1971 1868 1974
1868 1971 1872
1973 1872 1971
1974 1975 1972
1929 1970 1972
1972 1975 1927
1972 1927 1929
1976 1977 1978
1979 1978 1977
1977 1980 1979
1981 1980 1977
1981 1977 1976
1982 1983 1984
1983 1985 1984
1980 1983 1982
1980 1981 1983
1981 1985 1983
1986 1891 1987
1760 1987 1891
1891 1889 1760
1891 1988 1892
1891 1986 1988
461 1893 460
460 1989 458
460 1893 1990
1990 1989 460
1906 1991 1992
1993 1992 1991
1994 1993 1991
1995 1991 1906
1994 1991 1995
1913 1996 1912
1913 1917 1996
1979 1996 1917
1980 1912 1996
1996 1979 1980
1913 1582 1914
1980 1910 1912
1997 1998 1999
1979 1999 1998
1999 1979 1921
1921 2000 1999
2000 1997 1999
2000 1678 1997
1998 1997 2001
1997 1678 2001
1926 1923 1922
2002 2003 2004
2004 2005 2002
2006 2003 2002
2006 2002 2005
1791 1938 1786
1937 2007 1938
2008 2007 1937
2009 1938 2007
2007 2008 2010
2011 2007 2010
2007 2011 2009
2012 2013 2014
2015 2014 2013
2014 2015 2016
2014 2016 2012
2017 2016 2018
2016 2019 2018
2018 2020 2017
2020 2018 2019
2021 2022 2023
2023 2022 2024
2023 2025 2021
2024 2025 2023
1845 1846 2026
2026 462 1845
462 2026 463
2026 1848 463
1848 2026 1846
454 344 452
457 344 454
456 1874 457
1873 457 1874
457 1873 1877
2027 2028 2029
2030 2028 2027
2027 1975 2030
2027 1927 1975
2029 1927 2027
2028 2031 2029
2028 2032 2031
2030 2032 2028
2031 2033 2029
2034 2029 1926
1923 2029 2033
2029 1923 1926
1927 2029 2034
2035 1976 1978
1976 2035 2036
1981 1976 2036
1998 1978 1979
1978 2001 2035
2001 1978 1998
1979 1917 1918
1921 1979 1918
2009 2037 1931
1931 1930 2009
1931 2037 1935
2038 12 11
11 15 463
11 463 2038
12 2039 2040
465 2040 2039
12 2038 2039
2039 470 465
2039 2038 470
16 12 2040
473 2040 465
473 16 2040
2041 2042 2043
2044 2042 2041
2045 2042 2044
2042 2045 2043
2046 2047 2048
2049 2048 2047
2047 2050 2049
2046 2051 2047
2050 2047 2051
2052 2046 2048
2053 2046 2052
2046 2053 2054
2054 2051 2046
2055 2044 2056
2057 2055 2056
2057 2058 2055
2044 2055 2058
2056 2059 2057
2056 2060 2059
2061 2059 2060
2062 2057 2059
2061 2062 2059
2063 2064 2065
2037 2066 2065
2065 1935 2037
2064 1935 2065
2067 2065 2066
2065 2067 2063
2037 2009 2011
2037 2011 2066
2068 2069 2070
2068 2070 2071
2072 2068 2071
2069 2068 2072
2073 2074 2075
2076 2074 2073
2076 2073 2075
2077 2078 2079
2078 2077 2080
2080 2081 2078
2079 2078 2082
2081 2082 2078
2083 2084 2085
2084 2083 2086
2083 481 2086
2085 481 2083
2087 1982 1984
2087 1980 1982
1908 2087 2088
2087 1908 1910
1980 2087 1910
2089 2087 1984
2087 2089 2088
2090 2091 2092
2093 2090 2092
2091 2094 2092
2092 2095 2093
2092 2094 2095
2096 2097 2098
2097 2099 2098
2099 2097 2100
2101 2100 2097
2096 2101 2097
2102 2103 2104
2104 2098 2102
2098 2104 2096
2103 2105 2104
2104 2105 2096
2024 2106 2107
2108 2106 2024
2024 2022 2108
2107 2025 2024
2109 2110 2111
1887 2109 2111
2111 2112 1887
2110 2112 2111
2113 2114 2115
2113 2115 2116
2113 2116 2117
2113 1588 2114
2117 1588 2113
2118 2119 2120
1898 2118 2120
1898 348 2118
351 2119 2118
348 351 2118
2121 2122 2123
2122 2124 2123
2121 2125 2122
2124 2122 2126
2125 2126 2122
1851 1754 405
1754 1851 1853
405 1856 1851
1350 2127 1347
508 2127 1350
1351 508 1350
1718 1720 517
518 517 1720
517 9 1718
2128 2129 1837
1837 1841 2128
1842 2129 2128
2128 1841 1842
509 1837 2129
1842 2130 2129
509 2129 2130
2131 2132 2133
2133 2134 2131
2134 2133 2135
2136 2133 2132
2136 2135 2133
2134 2135 2137
2136 2137 2135
2134 2137 2138
2136 2138 2137
2139 2140 2141
2142 2141 2140
2143 2140 2139
2143 499 2140
499 2144 2140
2140 2144 2142
2145 2146 2147
2145 2142 2148
2142 2145 2147
2145 2149 2146
2148 2149 2145
1842 1843 2147
2147 1843 2142
2130 2147 2146
2130 1842 2147
2150 2146 2149
2146 2150 2130
2151 2148 2152
2148 2151 2149
2144 2148 2142
2144 2152 2148
514 513 2153
2154 2153 513
513 2155 2154
2155 513 510
2156 2155 515
515 516 2156
2156 2157 2154
2155 2156 2154
2158 2156 516
2157 2156 2159
2156 2158 2159
1720 506 518
506 519 518
2160 2161 2162
2163 2162 2161
2163 1810 2162
2160 2162 1810
2164 2165 2166
2167 2164 2166
2164 2167 2168
2168 2165 2164
1967 2169 1962
2169 2170 2165
2168 1962 2169
2165 2168 2169
2170 2169 2163
2169 1967 2163
523 2171 2172
2171 523 2173
2171 2173 2174
2174 2175 2171
2176 2172 2171
2176 2171 2175
2177 2178 2179
2178 2177 2180
2180 2181 2178
2158 2179 2178
2159 2178 2181
2178 2159 2158
1348 1347 2150
2150 2182 1348
1348 2182 1354
2183 2184 2185
2185 2186 2183
2185 2184 2187
2187 2188 2185
2186 2185 2189
2188 2190 2185
2189 2185 2190
2188 2187 2191
2190 2188 2192
2191 2192 2188
2193 2194 2195
2195 2194 2191
2195 2191 492
2195 492 2193
1807 1808 1950
451 1950 1967
1950 451 1952
2163 1950 1808
1950 2163 1967
1807 1950 2196
1950 2103 2196
1950 2105 2103
2105 1950 1951
2197 1691 2186
2198 2199 2197
2197 2199 1691
2198 2197 2200
2186 2200 2197
2201 2202 2120
2201 2120 2119
2203 1668 2120
2120 2202 2203
1898 2120 1668
2204 1676 1670
2205 1677 1676
2205 1676 2204
2206 2207 1576
2208 2207 2206
1481 2206 1576
2206 1481 2208
2209 1545 2210
2210 2211 2209
2212 2211 2210
2210 1548 2212
2210 1545 1548
2213 1606 2214
1613 2213 2215
1608 2213 1613
2215 2213 2216
2214 2216 2213
2217 2213 1608
1606 2213 2217
2214 1513 1514
1513 2214 1606
2216 2214 1514
2218 1524 2219
1523 2219 1524
1524 2218 1528
2219 1523 2220
2220 1633 2219
2220 1523 2221
1633 2220 1575
2221 1575 2220
738 2222 735
2222 1122 735
2223 2224 2225
2223 2225 2226
606 2226 2225
2225 2224 2227
2227 606 2225
2228 1208 1210
2228 1209 1208
2179 2229 2230
2179 2231 2229
2231 2232 2229
2229 2232 2230
2233 306 775
308 306 1152
2233 1152 306
265 1337 260
2234 2235 2236
312 2234 2236
2235 2234 649
312 649 2234
1192 2237 1306
915 1306 2237
916 915 2237
1195 2237 1192
2237 1195 916
1138 1271 1261
548 802 1287
1288 1287 802
1188 1187 1186
965 1274 1273
1274 964 1276
964 1274 965
2238 2239 2240
993 2239 2238
2240 872 2238
2238 872 993
1313 1186 819
1188 1186 1313
1060 1062 2241
2241 2242 1060
2243 2241 1062
2242 2241 2243
2244 2245 1075
2245 2244 604
2245 1183 1075
1183 2245 604
1053 690 1212
723 1212 690
930 2246 935
1353 935 2246
1353 1302 935
1302 934 935
886 1282 885
1284 886 887
2247 738 737
737 644 2248
2247 737 2248
2249 2250 2251
2250 1356 1359
2251 2250 1359
1426 2250 2249
1426 1356 2250
2252 2253 2254
2253 1357 2254
1357 1426 2254
2254 1426 2252
1368 1367 2255
2256 1367 1370
1367 2256 2255
2255 2257 1368
2257 1379 1368
1368 1379 1371
1398 1384 2258
1385 1384 1398
1384 1377 2258
1547 2259 2260
2261 2260 2259
1546 2259 1547
2262 2259 1546
2261 2259 2262
1559 2263 1500
1441 2263 1559
1500 2263 1501
1501 2263 1441
373 1509 2264
2264 1509 1508
1510 1509 1408
371 1509 373
1408 1509 371
2221 1461 1460
2221 1460 1480
1465 1480 1460
2265 1628 2218
2265 2218 2266
1742 2265 2267
1628 2265 1742
2265 2266 2268
2268 2267 2265
2219 1633 2266
2268 2266 1633
1632 2268 1633
1485 1538 1540
1538 389 1541
1485 389 1538
2269 2270 1558
2270 2269 2271
2269 2272 1600
1600 2271 2269
2272 2269 1559
1558 1559 2269
1696 2273 2274
2273 2275 2274
2276 1695 2274
1696 2274 1695
2277 2274 2275
2274 2277 2276
1741 2267 1746
2267 1741 1742
2267 2268 1746
1665 1659 1555
1659 2278 1555
1659 1664 2278
1764 1767 2279
2279 1767 2280
1768 2280 1767
2281 2282 2283
2282 2281 2284
2285 2282 2284
2282 2285 2283
1682 2005 2286
2005 1682 1683
2286 1684 1682
2287 2286 2005
2287 1780 2286
1684 2286 1780
1683 2288 2005
2288 1683 1677
1677 2205 2288
2205 2289 2288
2005 2288 2006
2006 2288 2289
2290 2291 2292
2292 1732 2290
1733 1732 2292
2292 2293 1733
2294 2292 2291
2293 2292 2294
2295 2296 2297
2297 2298 2295
2296 2295 2299
2299 2295 2294
2294 2295 2298
2300 2301 2302
2300 2302 2303
2301 2300 2304
2300 2303 2305
2305 2304 2300
1930 1936 2306
2307 2306 1936
2308 1930 2306
2306 2307 2309
2309 2308 2306
1598 1796 1799
2310 1797 1796
2311 2310 1796
1796 1598 2311
2312 2198 2313
2313 2314 2315
2316 2313 2315
2316 2312 2313
2314 2313 2200
2200 2313 2198
2194 2193 1803
2317 2194 1803
2317 2191 2194
1822 2318 2319
2320 2319 2318
2321 2320 2318
2318 1822 1826
1826 2321 2318
2322 2323 2324
2322 2325 2323
2326 2323 2325
2323 2326 2327
2324 2323 2328
2327 2328 2323
2329 2330 2331
1827 430 2331
2331 430 2329
2332 2331 2330
2331 2332 1827
1810 2163 1808
2151 2333 2334
2333 2151 2335
2152 2335 2151
2334 2149 2151
2336 2337 1809
2336 1810 2337
1810 1809 2337
1964 1967 1962
1962 2167 1732
2167 1962 2168
1732 1966 1962
2338 1877 1855
2338 1855 1856
2338 1856 2339
1877 2338 2339
2340 2121 2123
2340 2341 2121
2123 2342 2340
2340 2343 2341
2343 2340 2342
2030 2344 2345
2032 2030 2345
2345 2344 2110
2110 2109 2345
2109 2346 2345
2032 2345 2346
2347 2031 2032
2031 2347 2348
2033 2031 2348
1985 2349 2350
2350 1984 1985
1985 2036 2349
1985 1981 2036
2351 2352 2353
1769 2351 2353
1768 1769 2353
2354 2353 2352
2354 1768 2353
2355 2356 2357
2355 2357 2358
2359 2355 2358
2359 2360 2355
2356 2355 2360
1896 349 348
1896 350 349
2361 2362 2363
2363 2364 2361
1781 2361 2364
2361 1781 1780
1780 2365 2361
2365 2362 2361
475 2366 476
476 2366 478
2367 2368 2369
2021 2367 2369
2369 2370 2021
2370 2369 2106
2368 2371 2369
2371 2106 2369
2372 2373 2103
2103 2373 2107
2372 2374 2373
2374 2025 2373
2025 2107 2373
2375 2376 2377
1954 2376 1948
1948 2376 2375
2101 2376 1954
2378 2376 2101
2376 2378 2377
1947 1945 2379
2379 1945 1952
2380 2379 1952
2379 2380 1947
1961 451 1959
1966 1959 451
1954 1959 1966
2030 1975 2344
2381 2033 2382
2348 2382 2033
2033 2381 1923
1992 1993 2383
1993 2384 2383
2385 2383 2384
1992 2383 2386
1990 2386 2383
2383 2385 1990
2022 2021 2370
2021 2025 2367
1908 2088 1907
2088 1995 1907
1995 2088 2089
2074 2387 2388
2389 2074 2388
482 2388 2387
2388 2390 2389
2390 2388 482
2391 2392 2393
2392 2391 2394
2393 2394 2391
2058 2395 2044
2044 2041 2056
2044 2395 2045
2396 2397 2398
2399 2397 2400
2398 2397 2399
2397 2396 2401
2400 2397 2401
2399 2396 2398
2050 2402 2049
2051 2403 2050
2403 2402 2050
2066 2404 2067
2315 2067 2404
2404 2316 2315
2316 2404 2066
2405 2406 2086
2406 2084 2086
2405 2086 481
2407 2408 2409
2408 2407 2410
2409 2069 2407
2407 2069 2072
2407 2072 2410
2411 2412 2413
2411 2413 2414
2412 2411 2415
2415 2411 2414
2416 2417 2418
2416 2418 2419
2418 2420 2421
2419 2418 2421
2420 2418 2415
2415 2418 2417
2422 2423 2424
2424 2423 2425
2423 2426 2425
2422 2426 2423
2427 2428 2429
2430 2428 2431
2431 2428 2427
2430 2432 2428
2428 2432 2429
1640 1754 1853
1611 2433 491
2434 491 2433
491 2434 2435
2435 488 491
492 1611 491
1370 1379 2436
1379 1370 1371
2436 2256 1370
2437 1405 1386
2437 1410 1405
2438 1405 1410
2438 2439 1405
2439 1408 1405
2440 2441 2442
2442 2441 2438
2438 1412 2442
2442 1412 2440
2443 2441 2440
2440 1412 2443
2444 2445 1430
2445 2 1430
1422 2445 2444
1422 2446 2445
2445 1416 2
2445 2446 1416
2447 1702 1429
1694 1429 1702
1428 2447 1429
1429 1694 1434
1620 2447 1428
1702 2447 1700
1700 2447 1620
1475 1457 2448
1463 1457 1475
1475 1474 1463
1475 2448 1477
374 383 2448
2448 2449 374
2448 1457 1458
2449 2448 1458
2448 383 1477
375 374 2449
1471 375 2449
2450 396 2451
397 396 2450
398 2451 396
1686 2452 1607
1608 1607 2452
1688 2452 1686
2452 2217 1608
2452 1688 2217
1607 2453 1686
1686 2453 1689
2454 1650 412
413 2454 412
2454 413 2455
2455 1650 2454
422 425 419
1821 1822 2456
2456 475 1821
1821 2457 1819
2457 1821 475
432 497 434
497 432 512
451 449 2458
1964 2458 449
2284 458 1989
458 2284 2455
458 2455 413
2060 2056 2041
2395 2459 2460
2460 2461 2395
2045 2395 2461
2462 2459 2395
2395 2058 2462
471 463 1969
1848 1969 463
1969 457 471
344 457 1969
2463 489 488
2463 493 489
2435 2463 488
2464 2435 2434
2435 2464 2465
2463 2435 2465
2466 2467 2468
2469 2466 2468
2467 2469 2468
2470 2471 2472
2472 2473 2470
2471 2474 2472
2474 2475 2472
2475 2473 2472
2471 2476 2477
2471 2477 2474
2478 2476 2471
2471 2470 2478
2479 2480 2466
2134 2466 2480
2134 2467 2466
2466 2469 2479
2481 2482 2483
2484 2481 2483
503 2482 2481
2484 503 2481
1833 504 506
1834 509 504
506 1720 1833
519 506 507
2161 2485 2170
2166 2170 2485
2485 2161 2160
2485 2160 1810
2485 1810 2166
2163 2161 2170
2170 2166 2165
2172 2486 2487
2172 526 523
2486 2172 2488
2488 2172 2176
2487 1699 2172
526 2172 1699
2489 2490 2491
2491 2492 2493
2492 2491 2494
2491 2495 2494
2495 2491 2490
2496 2491 2493
2489 2491 2496
2489 2497 2490
2498 2495 2490
2498 2490 2497
1102 1038 1037
44 976 40
976 617 40
2499 563 565
563 2500 652
2499 2500 563
644 643 2248
739 647 644
582 73 954
254 251 617
2501 2489 2502
2503 2501 2502
2502 2504 2503
2496 2504 2502
2489 2496 2502
1164 69 68
632 70 917
1345 1346 2505
2505 1311 1345
2506 2507 2508
2509 2506 2508
2510 2507 2506
2509 2511 2506
2511 2512 2506
2506 2512 2513
2506 2513 2510
733 2514 2515
2516 2515 2514
729 733 2515
2516 1094 2515
729 2515 1094
1266 668 667
2517 667 666
2517 1266 667
103 2518 2519
2518 103 2520
2520 103 671
2519 209 103
917 822 1033
1343 2521 1342
2522 2521 1343
1343 1344 2522
2523 2524 2525
2525 2507 2523
2524 2526 2525
2507 2525 2526
2527 1337 724
724 723 2527
1337 265 724
2501 2503 2528
2489 2501 2529
2528 2529 2501
2497 2489 2529
1221 1220 1226
297 1221 1226
773 144 855
670 855 144
776 1018 777
2530 2531 2532
2533 2531 2530
2534 2532 2531
2534 2531 2535
2531 2533 2535
595 898 596
2536 2537 2538
2539 2538 2537
2540 2539 2537
2537 2541 2540
2537 2536 2542
2537 2542 2541
2543 1230 1232
2544 2545 2543
1230 2543 2545
2543 2546 2544
1232 2546 2543
2544 2547 2545
2544 2546 2547
2538 2548 2536
2549 2536 2548
2542 2536 2549
1306 1307 972
1307 648 972
648 1307 1335
1335 2550 2551
2550 1335 780
1335 2551 643
648 1335 643
788 1048 785
870 1243 1003
1127 1243 873
1243 870 873
802 965 1273
1288 1273 2552
1278 2552 1273
1288 802 1273
2553 1174 1172
1172 1173 69
69 1164 1172
1172 1164 2553
2554 1311 2555
1257 1311 2554
2505 2555 1311
1346 1261 1271
1188 2556 1189
1189 2556 2557
1190 1189 2557
1337 2527 689
723 690 2527
689 2527 690
917 1173 172
2558 615 616
615 2558 920
552 887 42
2507 2559 2508
2560 2559 2507
2507 2510 2523
2526 2560 2507
177 1008 22
22 37 177
2561 1038 2562
1038 1102 2562
2561 1276 1038
1301 2556 1188
1313 1301 1188
2563 1013 944
944 2564 2563
2564 944 1281
952 951 264
960 2565 959
2565 960 961
1194 969 911
911 916 1194
655 814 657
918 1092 919
1337 689 919
919 1092 771
990 607 993
954 535 531
954 955 535
1117 22 1008
705 1228 706
316 317 840
1016 2566 2567
1016 2567 2568
2568 1017 1016
2566 1016 791
938 2569 731
2569 732 731
2570 732 2569
938 2570 2569
2571 556 1338
2572 2571 2573
2571 2572 2574
2571 2574 556
2573 2571 1007
1007 2571 1338
1233 1234 2575
1232 1233 2546
2575 2576 1233
2546 1233 2577
2576 2577 1233
2578 2579 2580
2579 2581 2580
2580 2581 2582
2582 2578 2580
2563 316 1013
2563 2564 338
2563 338 316
767 769 859
1329 2558 616
2558 2583 920
691 2558 1329
2558 691 2583
1250 1048 788
1201 1200 2584
2585 2586 2584
1200 2585 2584
2587 1201 2584
2586 2587 2584
722 809 1060
722 1060 2242
1063 2588 1062
2588 2243 1062
2565 1064 1285
1064 885 1282
1064 1282 1285
1064 2565 1065
1068 922 1104
218 1104 922
1193 1192 2589
1193 2589 1254
1193 1254 1196
2590 2223 2226
2590 2591 2223
2223 2592 2224
2593 2223 2591
2593 2592 2223
1077 2244 1072
1075 1072 2244
1325 1341 1323
1323 1341 2594
2534 2594 1341
1341 1342 2534
561 235 625
968 969 2230
968 2230 1096
1200 1176 2595
1200 2595 1174
2595 1176 1170
1175 1174 2595
1175 2595 1170
801 799 1112
1115 1112 799
2222 1123 1122
2596 2566 793
2596 2567 2566
2566 791 793
2597 2598 2599
2600 2601 2598
2597 2600 2598
2601 2602 2598
2598 2602 1160
2598 1160 2599
979 847 977
847 979 2603
979 980 2603
2556 2604 1352
1352 2604 1353
2605 2556 1352
1354 2605 1352
189 2606 190
2606 189 1265
682 951 949
2607 2608 2232
2609 2232 2608
930 2608 2246
2608 2607 2246
2608 930 931
2610 2608 931
2608 2610 2609
1147 2242 564
1235 2242 1147
1235 1147 1247
2508 2559 2611
2559 2612 2611
2559 2613 2612
2559 2560 2613
164 910 2614
2614 2615 164
164 2615 167
2616 2617 2618
2616 1104 2617
2617 1103 2618
2617 1104 1103
2239 2224 2592
2592 2240 2239
993 2224 2239
115 114 2619
115 2619 1159
2620 114 1252
2619 114 2620
635 790 640
1290 2621 2622
1293 1290 2622
2620 2622 2621
2622 2593 1293
2620 2593 2622
2549 2623 2624
2625 2549 2624
2626 2625 2624
2627 2624 2623
2624 2627 2626
1218 722 2242
1319 1320 2579
2579 1320 1321
1255 1254 2589
2589 1192 1306
972 2589 1306
2589 972 1255
1255 807 1256
972 807 1255
2628 2629 2630
2550 2630 2629
2629 2631 2550
2628 2632 2629
2632 2631 2629
2633 2588 1063
2633 1063 601
713 712 813
169 243 653
243 937 653
1294 2634 2635
2635 1292 1294
2600 1292 2635
2634 2600 2635
2636 2533 2530
2533 2636 2637
2636 2638 2637
2638 2636 2530
641 640 790
566 640 567
2230 2232 1216
2609 1216 2232
2609 1217 1216
1216 1096 2230
1235 1218 2242
1241 2639 1240
1268 1240 2639
2639 799 152
1115 799 2639
2639 1241 1115
1268 2639 152
2640 2641 2642
2641 2640 2643
2568 2641 2643
2644 2641 2568
2641 2644 2642
1000 2565 1285
1000 959 2565
961 1065 2565
1165 1133 1225
1242 847 849
2645 847 1242
1242 978 2645
978 1242 254
1244 2610 933
2610 931 933
2179 2230 969
2504 2646 2503
2646 2504 2637
2496 2637 2504
2175 2591 2590
2647 2590 2226
2175 2590 2647
197 198 626
814 2648 657
657 2648 659
867 2240 1252
867 872 2240
2510 2649 2523
2650 2649 2651
2650 2523 2649
2651 2649 2513
2510 2513 2649
2578 2652 2579
2579 2652 1319
2653 1319 2652
2653 2652 2654
2654 2652 2655
2578 2655 2652
1298 2656 1299
2656 2657 1299
2657 934 1299
2658 2659 2247
2247 2659 2660
738 2247 2660
2247 2248 2661
2658 2247 2661
2658 2661 2662
2662 2498 2658
2658 2498 2659
2547 2663 2545
2547 2546 2664
2547 2664 2663
2599 1159 2619
2599 1160 1159
2654 2665 2514
2516 2665 2666
2665 2516 2514
2655 2665 2654
2666 2665 2655
971 946 713
947 946 971
245 1135 2667
2668 245 2667
938 245 2668
2669 2667 1135
167 2669 1135
860 947 1280
1280 947 971
920 1092 918
771 1092 575
575 1092 1091
2670 2503 2612
2612 2671 2670
2670 2528 2503
2670 2672 2528
2673 2672 2670
2671 2673 2670
2522 2674 2651
1344 2674 2522
2513 2522 2651
2521 2522 2513
2675 1231 1230
1230 2545 2675
762 844 1210
63 626 892
777 2630 779
2550 779 2630
2628 2630 2643
2630 777 2643
1244 909 1248
1244 1248 2610
908 2610 1248
1068 2676 2677
1068 2678 2676
2679 2676 2616
2616 2676 1104
2678 1104 2676
2680 2677 2676
2679 2680 2676
2681 1340 2682
1340 1325 1327
1340 1327 2682
1344 1340 2681
859 769 860
1289 1288 2552
1290 1292 2597
2597 2619 1290
2621 1290 2619
167 2615 2669
2656 1298 823
2583 1085 920
2583 691 692
692 1085 2583
2683 2684 2685
2686 2683 2685
2685 2673 2671
2673 2685 2684
2671 2687 2685
2685 2687 2686
190 2606 1024
1158 1322 1131
1131 829 1158
2688 2594 2534
1323 2594 2689
2689 2594 2688
1237 531 1136
1136 531 937
1252 2240 2592
2690 2691 2663
2545 2663 2691
2691 2675 2545
2691 2690 2692
2691 2692 2693
2693 2675 2691
2694 2695 2696
2697 2696 2695
2696 2697 2627
2696 2627 2694
2514 733 2698
2699 2514 2698
2698 733 732
2570 2699 2698
2698 732 2570
787 2700 2701
1250 787 2701
788 787 1250
2700 787 659
2702 2703 2704
2702 2705 2703
2703 2705 2706
2707 2704 2703
2706 2707 2703
1323 2702 1326
2704 1326 2702
2705 2702 1323
146 666 145
2596 793 795
1068 1104 2678
1316 1318 2708
2709 1321 1316
2709 1316 2710
2708 2710 1316
2711 2660 2659
738 2660 2222
2711 2712 2660
2712 2222 2660
2713 2712 2711
2713 2711 2498
2711 2659 2498
2540 2541 1213
1213 1314 2540
1315 2540 1314
2539 2540 2680
1315 2680 2540
254 617 978
2667 2683 2668
2668 2683 2570
2570 938 2668
2655 2578 2714
2715 2714 2578
2582 2715 2578
2667 2716 2684
2667 2684 2683
2716 2667 2669
666 2717 2228
1209 2228 2717
666 146 2717
2717 146 1209
2517 666 2228
1300 1302 2604
2604 1301 1300
552 1024 887
266 898 264
1102 2557 2562
2562 2605 2561
2562 2557 2605
1078 2633 1077
2633 2244 1077
2235 2718 2719
2718 2235 2720
2719 2718 2721
2718 557 2721
557 2718 2720
1257 2722 1254
1196 1254 2722
1292 2600 2597
2597 2599 2619
2508 2611 2723
2509 2508 2723
910 652 2500
2614 910 2500
2724 1226 1220
2724 1163 1226
1094 1182 289
2725 1162 2724
2725 2724 1220
2724 1162 1163
2228 2726 2517
1210 2726 2228
2535 2688 2534
2535 2727 2688
2727 2728 2688
2728 2689 2688
2642 2729 2730
2730 2640 2642
2729 2642 2731
2644 2731 2642
2612 2503 2611
2723 2611 2646
2503 2646 2611
1123 1079 1074
2604 2556 1301
2705 1323 2689
2714 2732 2666
2733 2732 2714
2714 2666 2655
2733 2714 2715
2734 2666 2732
2735 2732 2733
2618 2734 2732
2735 2618 2732
2736 2494 2737
2737 2494 2495
2662 2737 2495
2661 2736 2737
2737 2662 2661
2596 2587 2567
1201 2587 2596
795 1201 2596
2625 2572 2573
2738 2625 2573
2738 2549 2625
2739 2572 2625
2625 2626 2739
993 607 2227
606 2227 607
2740 2741 2719
2742 2740 2743
2740 2719 2743
2741 2740 2744
2740 2745 2744
2742 2745 2740
2538 2539 2746
2538 2746 2747
2548 2538 2747
2621 2619 2620
582 954 531
1245 582 531
2748 2749 1219
1219 1222 2748
2749 1220 1219
2741 2235 2719
2236 2235 2741
2750 2236 2741
2741 2744 2750
2227 2224 993
2751 2694 2752
2751 2753 2694
2753 2695 2694
2627 2752 2694
2754 2755 2756
2755 2754 2742
2755 2742 2743
2755 2739 2756
2739 2755 2743
2708 1318 2757
2708 2757 2710
1346 1271 2758
1346 2758 2505
2704 2707 1326
1326 2707 1327
1222 1304 2759
1303 2760 1304
2759 1304 2760
2553 2761 2585
2585 1174 2553
2761 2553 1164
1303 698 2760
1067 1068 2677
2677 1315 1067
741 1067 1315
2523 2762 2524
2524 2710 2526
2524 2762 2710
1313 819 823
908 1217 2609
908 2609 2610
718 1217 908
565 564 2243
564 2242 2243
2746 2539 2763
2763 2539 2680
1276 2561 1354
1354 2561 2605
685 951 677
2695 2764 2765
2764 2766 2765
2765 2766 2767
2765 2767 2695
2690 2767 2766
2766 2692 2690
2766 2768 2692
2764 2768 2766
2769 2742 2770
2770 2742 2754
2770 2754 2697
2771 2770 2697
2771 2769 2770
2236 2750 696
2236 696 312
2760 696 2750
696 695 312
2760 698 696
2568 2643 1017
2567 2644 2568
1252 2592 2620
2726 1210 1284
2726 1284 887
2721 556 2574
557 556 2721
2772 2773 2735
2733 2772 2735
2772 2715 2774
2715 2772 2733
2775 2772 2774
2772 2775 2773
1426 1357 1356
2252 1413 1414
1364 2776 1414
2777 1414 2776
2777 2252 1414
1364 1414 2778
2778 1414 1415
1386 1385 2437
1387 1386 1407
1366 2444 356
356 354 1366
1366 1363 1364
1366 1422 2444
1366 1364 1422
355 356 2436
1365 355 2436
2257 2255 2779
2255 2256 2779
1379 2257 2780
2780 2257 2779
1379 1382 1373
1382 1376 1373
1383 1377 1375
1388 2258 1389
1377 1389 2258
1377 1394 1389
1394 1391 1389
2781 1392 1394
2781 1394 2444
1394 1377 2782
2444 1394 2782
2781 2783 2258
1402 2258 2783
2783 2781 1402
2258 1395 2781
1392 2781 1395
2444 1402 2781
1388 1395 2258
2258 1402 1398
1391 1395 1388
1402 1431 1403
1431 1402 2444
1399 1402 1401
1402 1399 1398
1385 1403 2437
2437 2784 1410
2784 2437 1403
1404 1385 1397
1385 1404 1403
1399 1404 1397
2439 2438 2441
1410 1412 2438
1411 1410 2784
2443 1411 2784
1412 1411 2443
2 2785 1430
2785 2 1448
2 1469 1448
1417 2446 1420
1415 2446 1417
1422 1420 2446
2446 1415 1416
2786 1415 1417
1423 2786 1417
1421 1422 2778
2778 1423 1421
2786 1423 2787
2787 2778 2786
2787 1423 2778
2788 1357 2253
2788 1358 1357
369 1502 370
2789 370 1502
1407 370 2789
370 1407 371
1434 2276 1433
1433 2276 2790
1432 1433 2790
395 2791 393
1444 2791 395
1444 395 2792
395 397 2792
393 2791 394
2791 1561 394
2791 1444 1561
1443 365 362
1443 1546 365
1443 1444 2792
2792 1546 1443
1444 1441 1559
1501 1441 362
1360 1358 2793
1358 2788 2793
2788 2794 2793
2794 2795 2793
2794 2788 2796
2796 2795 2794
1502 369 1499
2789 1502 1504
1428 2785 1449
1449 2785 1448
1428 1449 1450
1451 1450 1446
1450 1451 1455
1458 1451 1453
1465 1463 1474
1461 2221 1523
1523 1573 1461
1464 1461 1573
1573 1523 1529
2219 2266 2218
2218 1628 1528
1428 1430 2785
1469 1452 1448
378 377 1470
2797 383 386
2798 383 2797
1477 383 2798
1438 1546 1439
1546 1438 365
365 1438 1440
2261 2799 2211
2799 2800 2211
2799 2262 2800
2262 2799 2261
1486 394 1551
2801 1556 2802
2801 2802 1494
1560 2801 1494
2801 1560 1556
2802 1590 1492
1492 1494 2802
1590 2802 2803
2802 1556 2803
2272 1500 1600
1559 1500 2272
2804 1497 1425
1425 1426 2804
2804 2805 1497
2804 2806 2805
2804 1426 2806
1504 1499 1497
2805 2807 1504
1504 1497 2805
1504 2808 2789
2807 2808 1504
1498 1499 369
1498 369 1564
1500 1498 1564
1450 1455 1518
1533 1532 1526
435 1526 1532
1526 1528 1533
1742 1629 1628
1535 1528 1628
384 2450 385
397 384 388
2450 384 397
1547 2260 1548
1485 1549 1483
2809 2810 2811
2812 2810 2809
2813 2811 2810
2810 2812 2813
2814 1576 2207
2207 1656 2814
2815 2814 1656
2814 2815 1574
1576 2814 1574
2816 2817 2815
2816 2815 1658
1641 2816 1658
1641 2818 2816
2817 2816 2818
1656 1658 2815
2819 1574 2815
2815 2817 2819
2208 1759 2207
1656 2207 1757
1757 2207 1759
1494 2278 1560
1560 2278 1561
2278 1494 1555
2278 1664 1561
1496 1495 2820
2820 1495 1592
2803 2821 1590
1593 1590 2821
2821 2803 2822
2822 2803 1558
2803 1556 1558
2807 2823 2824
2824 2808 2807
2807 2805 2825
2825 2823 2807
2826 1508 1512
2826 2827 1508
2264 1508 2827
1603 2826 1512
1605 1603 1512
2828 1603 1602
2826 1603 2828
2829 2830 1688
2830 2829 1606
2217 2830 1606
2217 1688 2830
1607 2184 2453
2184 1607 1610
1694 2831 1692
1694 1695 1434
1694 2832 2831
2832 1694 1702
2831 1617 1692
1567 2833 1565
1567 1568 2833
1743 1752 1744
1752 1743 1749
1746 2268 1743
1749 1743 2268
1480 1537 2221
1537 1575 2221
2834 2835 1673
2836 2835 2834
2834 1673 2837
2837 2836 2834
1670 1673 2835
1675 2837 1673
2115 2835 2116
2835 2836 2116
1670 2835 2204
2115 2307 2835
2204 2835 2307
1934 2204 2307
2205 2204 1934
2117 1589 1588
2116 1589 2117
1592 1584 1585
1588 1584 1594
1584 1592 1594
2838 1496 2820
2838 2839 1496
1665 1496 2839
1555 1496 1665
1593 2821 1795
1593 1795 2840
1594 1593 2840
2822 1795 2821
1789 2840 1795
1795 2822 1794
2271 2841 2270
2842 2270 2841
2843 1558 2270
2843 2270 2842
2843 2822 1558
1799 1597 1598
2311 1598 1599
1563 1562 2826
373 1562 372
2827 2826 1562
373 2827 1562
1512 1513 1605
2184 2183 2453
1689 2453 2183
2276 1434 1695
2277 2790 2276
1614 1619 2844
1614 2844 2845
2846 1614 2845
2846 1617 1614
1619 1565 2844
1565 2847 2848
2848 2844 1565
2847 1565 2849
2849 1565 2833
1618 1617 2831
2831 1698 1618
1618 1698 1569
1620 1703 1700
1703 1620 1622
1517 1620 1450
1450 1620 1428
1622 1623 1709
1709 1703 1622
437 1532 1534
437 435 1532
1630 1629 1724
1724 1629 1721
2850 2851 2817
2851 2819 2817
2818 2850 2817
2850 2852 2851
2851 2852 1632
2819 2851 1632
1651 1648 1655
1653 447 1654
2853 2854 2281
1653 1652 2854
2854 2853 1653
2854 2284 2281
1652 2284 2854
2284 1652 2455
1650 2455 1652
1646 412 1650
1646 411 412
2853 1870 1653
2855 1870 2853
2281 2856 2853
2855 2853 2856
2283 2856 2281
1658 1637 1641
2208 2857 1759
1759 2857 1758
1758 2858 1760
2858 1758 2857
2859 2450 2451
2860 2859 2451
2451 1553 2860
1553 2451 398
1987 1760 2861
1987 2861 2859
2859 2860 1987
1987 2860 1988
1988 1986 1987
1669 1663 1662
1551 1663 1669
1664 1663 1551
1665 2839 1666
2837 1914 2836
1914 1589 2836
1589 2116 2836
2862 1685 1681
1681 1684 2862
1934 2307 1936
1933 2205 1934
2820 2279 2838
1592 2279 2820
2843 1801 2822
1801 1794 2822
2826 2863 1563
2863 2864 1563
1564 1563 1599
1599 1563 2864
2865 1602 1604
2863 2828 1602
1602 2865 2863
1688 1690 2829
1691 1689 2183
1610 2187 2184
2866 2273 1696
2866 1696 1617
1568 2867 2833
2833 2867 2849
1703 1709 1704
1705 1704 1709
1623 1624 1710
523 522 1708
1708 2868 523
2868 1708 1712
1705 522 525
523 2869 2173
2869 523 2868
2869 2174 2173
2868 2870 2869
2870 1295 2869
1295 2174 2869
2868 2871 2870
2871 1295 2870
2871 2868 1712
1624 1712 1710
1624 1517 1516
1712 1624 1516
1717 2872 2873
1535 1717 2873
1717 515 2872
1630 515 1717
1724 9 1630
1737 1837 1836
1726 1847 1836
1739 1836 1847
1836 1739 1737
1738 1841 1737
1837 1737 1841
2141 2874 2139
2139 2874 2875
2139 2876 2143
2875 2876 2139
2877 2297 2296
2878 2297 2877
2879 2298 2297
2878 2879 2297
1847 1726 342
1848 1847 342
342 344 1848
452 343 1850
343 452 344
1723 1850 343
1746 1748 1741
1721 1741 1748
1876 1744 1752
1752 1753 1876
1853 2818 1640
1854 2818 1853
1641 1640 2818
1653 1870 447
1893 1892 2880
2880 1892 1988
2302 2301 2881
2304 2881 2301
345 347 2882
2882 347 350
2201 2119 2882
2882 2883 2201
2119 345 2882
2882 350 2883
1764 2279 1586
1766 1764 1586
1914 2837 1916
1918 1916 1675
2837 1675 1916
1589 1914 1582
1921 1920 2000
1920 1678 2000
1674 1678 1920
1782 1772 1778
2115 2114 2309
2307 2115 2309
2840 1789 2884
1588 2840 2884
2840 1588 1594
1788 2885 1784
2886 1784 2885
1937 1784 2886
1786 2884 1789
2842 2841 1800
1800 2841 1799
1800 1801 2842
1691 2183 2186
2200 2186 2189
422 1803 2193
2317 1803 1805
2887 422 2193
2887 2193 492
422 2887 425
425 493 426
493 425 2887
1807 427 426
427 2888 2889
2888 427 1807
2889 2888 2890
2196 2888 1807
2196 2890 2888
1819 2330 2329
2457 2891 2330
2330 1819 2457
2332 2330 2891
1819 2329 1818
430 1818 2329
427 2889 423
424 423 2889
416 2892 428
1813 428 2892
1818 430 428
2890 424 2889
418 417 424
2890 418 424
1817 1813 1815
1817 1815 1818
2893 2894 1814
2893 2895 2894
2893 2896 2895
2893 1814 2897
2896 2893 2897
2892 1811 1813
1823 2894 2895
1823 1815 2894
1825 1823 2895
2898 2899 2900
2899 2901 2900
2321 2901 2899
2899 2320 2321
2898 2320 2899
2902 416 418
2902 2892 416
2894 1815 1814
1814 1811 2903
1814 2903 2904
2897 1814 2904
2327 1829 2905
2905 2906 2327
1829 2327 2326
2328 2327 2906
1830 1827 2907
1830 2908 2906
2906 1831 1830
2908 1830 2909
2907 2909 1830
2910 429 1829
429 1827 1829
1829 2326 2910
1829 1831 2905
429 2910 1805
1827 429 430
2187 1610 1611
2911 2912 2913
2914 2913 2915
2913 2912 2915
2913 2914 2916
2916 2911 2913
1295 2871 2917
2871 1714 2918
2918 2917 2871
2871 1712 1714
1572 434 1832
1832 1521 1572
434 1572 435
1534 510 437
2872 515 2155
2872 2155 510
2873 2872 510
9 1724 1718
1720 1723 1833
1840 1734 1838
1734 1840 1738
1840 1841 1738
2874 2141 2919
2141 2142 1843
1843 2919 2141
2920 2921 2922
2922 2921 2923
2924 2922 2925
2923 2925 2922
2924 2926 2922
2926 2920 2922
2299 2923 2921
2920 2299 2921
2100 1954 2374
1954 1732 2374
1948 1947 1954
1954 2100 2101
1966 1732 1954
1731 1844 1730
1730 2374 1732
1730 2927 2374
1730 1844 2927
1844 462 2927
462 1844 1845
1850 1747 452
1850 1748 1747
1744 1876 456
455 1744 456
438 441 447
1871 1870 2855
1871 2928 1882
2928 1871 2929
1871 2855 2929
1869 1871 1878
1876 1753 1855
2930 1887 2931
1887 1886 2109
1888 1887 2930
2931 1887 2112
2932 1883 1885
2933 2934 1883
1883 2935 1886
2935 1883 2934
2936 1883 2932
2933 1883 2936
2932 2937 2938
1885 2937 2932
2932 2938 2936
2349 2939 2350
2939 2940 2941
2939 2942 2940
2349 2942 2939
2941 2943 2939
2943 2350 2939
2942 2349 2036
2861 1760 2858
1893 2880 2944
2944 1990 1893
2351 2944 2945
2944 2880 2945
2944 2351 2386
1990 2944 2386
2946 2303 2947
2201 2946 2202
2883 2946 2201
1905 2948 2946
2303 2946 2305
2946 2948 2305
2947 2203 2946
2202 2946 2203
2946 2949 1905
2949 2946 2883
2303 2302 2947
2302 2203 2947
1895 2950 1896
348 1898 1896
1896 2950 350
1897 1667 1666
1667 1898 1668
2951 2351 2945
2952 2951 2945
2352 2351 2951
2953 2352 2951
2951 2952 2953
2950 1895 2954
1895 1897 2954
1905 1904 2948
2949 1899 1905
1765 1908 1907
1775 2381 1685
1685 1776 1775
2381 1775 1923
2955 2289 1933
2956 2289 2955
2289 2205 1933
2289 2956 2006
2884 1786 2114
2884 2114 1588
2308 2114 1786
2309 2114 2308
1937 2957 2008
2886 2957 1937
2958 2959 2372
2103 2958 2372
2959 2100 2372
2374 2372 2100
2958 2102 2959
2103 2102 2958
2098 2959 2102
2959 2098 2099
2100 2959 2099
2106 2103 2107
2106 2371 2103
2103 2371 2196
2377 1951 2375
1951 2377 2960
2377 2378 2960
2375 1951 1943
2960 2105 1951
1945 1942 1940
1944 1942 1949
2380 1960 1956
1947 2380 1956
1960 1952 1961
2380 1952 1960
2458 1964 1965
1966 2458 1965
455 452 1747
1984 2350 2961
2961 2350 2943
2284 1989 2962
1989 1990 2962
1906 1992 1769
2351 1769 1992
2351 1992 2386
1995 1906 1907
2382 2963 2381
2381 2963 2001
2001 1685 2381
1926 1927 2034
2964 2287 2965
2365 1780 2287
2287 2964 2365
2004 2965 2287
2287 2005 2004
1930 1938 2009
2308 1786 1938
1938 1930 2308
2966 2010 2008
2957 2966 2008
2064 2063 2012
2063 2967 2012
2063 2067 2967
2003 2012 2016
2012 2003 2956
2956 2064 2012
2013 2012 2967
2013 2967 2015
2968 2019 2015
2019 2016 2015
2015 2969 2968
2969 2015 2967
2970 2971 2972
2972 2971 2973
2971 2974 2973
2971 2975 2974
2975 2971 2970
2976 2977 2891
2978 2976 2457
2457 2976 2891
2977 2976 2979
2976 2978 2979
1863 1864 2980
2981 1860 1863
1863 2982 2981
2980 2982 1863
1974 2344 1975
1974 2983 2344
2984 2344 2983
2984 2110 2344
2942 2382 2348
2382 2036 2963
2382 2942 2036
2965 2017 2964
2964 2017 2362
2362 2365 2964
2017 2965 2016
2016 2965 2003
2965 2004 2003
2966 2011 2010
2310 2985 1797
2985 1802 1797
2986 2987 2988
2324 2987 2986
2989 2986 2988
2986 2989 2324
2956 2955 2064
2955 1935 2064
2017 2974 2975
2975 2362 2017
2974 2017 2020
2972 2990 2991
2992 2991 2990
2992 2993 2991
2994 2972 2991
2991 2993 2994
2973 2995 2972
2990 2972 2995
2990 2995 2996
2996 2995 2997
2995 2973 2997
2332 2998 2907
2999 2998 3000
2998 2332 3000
2909 2907 2998
2998 2999 2909
3001 2085 3002
2332 2085 3001
3002 3000 3001
3000 2332 3001
470 2038 471
463 471 2038
3003 468 469
468 3003 3004
3004 474 468
3005 2389 2980
1864 3006 2980
2980 3006 3005
2982 2980 2390
2389 2390 2980
2074 2389 3005
2387 2074 2076
2076 482 2387
2074 2392 2075
3005 2392 2074
3007 3008 3009
3007 3009 3010
2393 3008 3007
3010 3011 3007
2393 3007 3011
3009 3008 3012
3010 3009 3012
2061 3013 3014
2061 3015 3013
3013 3015 2400
2400 2462 3013
2462 3014 3013
2058 3016 3014
3016 2061 3014
3014 2462 2058
2054 2053 2403
2403 2051 2054
2058 2057 3016
2057 2062 3016
2362 2975 2363
2363 2970 2994
2364 2363 2994
2970 2363 2975
2003 2006 2956
2011 2966 2066
2066 2966 2316
2970 2972 2994
3017 3018 3019
3019 2080 3017
3020 3019 3018
3020 481 3019
481 2080 3019
3017 3021 3018
3022 3017 3023
3017 3022 3021
3023 3017 2080
3022 3023 2077
2077 3023 2080
474 3024 3025
3024 474 3004
474 2082 2081
474 3025 2082
473 474 479
2081 479 474
3026 3018 3027
3028 3018 3021
3027 3018 3028
3029 3030 3018
3018 3026 3029
3018 3030 3020
3024 3031 3032
3033 3031 3024
3024 2409 3033
3004 2409 3024
3024 3032 3028
3024 3028 3025
483 3034 485
483 482 2076
2076 3034 483
2996 3034 2990
2996 485 3034
2076 2990 3034
2410 3035 2408
3036 2408 3035
3036 3035 3037
2410 3038 3035
3035 3038 3037
3039 3032 3040
3040 3032 3041
3032 3031 3041
3032 3039 3028
3033 3042 3031
3043 3031 3042
3031 3043 3041
3042 3033 2408
2408 3036 3042
3044 3042 3036
3042 3044 3043
3033 2409 2408
3045 3026 3043
3045 3044 3026
3044 3045 3043
3046 2071 2070
2071 3046 3047
3037 3047 3046
2406 3046 2070
2406 3037 3046
2071 3047 2072
2997 3048 3049
2997 2084 3048
2084 2406 3048
487 3048 2406
487 3049 3048
3021 3050 3051
3050 3021 3022
3050 3025 3051
3050 3052 3025
3052 3050 3022
3002 2085 2084
2977 2085 2332
481 2085 2979
2979 2085 2977
478 462 16
479 478 16
16 473 479
3005 3008 2393
3012 3008 3005
2457 475 2978
2978 475 481
2978 481 2979
2961 2089 1984
2091 3053 2961
2961 2943 2091
2089 2961 3053
2091 2090 3053
2091 2943 2094
2090 1994 3053
3054 1993 1994
1994 2090 3054
3053 1994 1995
2089 3053 1995
3055 3056 3057
3058 3055 3057
3059 3055 3058
3055 3060 3056
3055 3061 3060
3055 3059 3061
2421 3057 3056
3057 2421 3062
3062 3058 3057
2414 3063 2415
2414 2285 3063
2414 2413 2285
2416 2422 2424
2422 2416 3064
3064 2426 2422
2419 3064 2416
3064 2419 2426
2424 2417 2416
2424 2415 2417
2415 2424 2425
3065 3066 3067
3067 3068 3065
2426 3068 3067
3069 2426 3067
3067 3066 3069
3070 3066 3071
3071 3072 3070
3066 3070 3069
3073 3069 3070
3073 3070 3072
2106 2108 2370
2430 2431 2931
2937 1885 2430
2430 2931 2937
2430 1885 2432
2931 2427 2930
2429 2930 2427
2429 1888 2930
1888 2429 2432
2432 1885 1888
1948 2375 1943
1943 1944 1948
351 345 2119
2123 2124 3074
2126 3074 2124
3075 2191 2187
3076 2191 3075
3076 3075 2187
1611 1612 2433
2187 1611 3076
1611 492 3076
3077 2434 2433
3077 2433 3078
1612 3078 2433
3079 2473 3080
3079 3081 2473
2866 3079 3080
1617 3079 2866
2846 3081 3079
1617 2846 3079
2848 3082 3083
2845 2848 3083
2478 3083 3082
2846 3083 2478
3083 2846 2845
3082 3084 2476
3085 3084 3086
3084 2477 2476
3085 3087 3084
3084 3087 2477
3088 3086 3084
3084 3082 3088
3089 2483 3090
2482 3090 2483
3091 3089 3090
3091 3090 2482
3092 2482 3093
3094 3093 2482
3095 3094 2482
2482 3092 3091
2482 503 3095
2127 2130 1347
1347 2130 2150
3096 3097 3098
3099 3097 3096
3096 3098 3100
3100 3099 3096
3101 2926 3102
3102 2926 3103
3103 3104 3102
3102 3104 3101
3105 2138 3092
2134 2138 3105
3091 3092 2138
2138 2136 3091
502 3106 3107
500 3106 502
502 3107 3095
503 502 3095
499 2143 500
2144 499 503
3106 2876 3108
3109 3108 2876
3108 3109 3110
3110 3106 3108
3098 3111 3112
3098 3112 2293
3112 1733 2293
3112 3113 1733
3111 3109 3112
3113 3112 3109
3114 3097 3115
3114 3115 3107
3114 3107 3106
3114 3106 3110
3110 3097 3114
3116 3107 3117
3115 3117 3107
3116 3095 3107
3116 3117 3103
3095 3116 2467
3103 2469 3116
2469 2467 3116
3118 3119 3120
3121 3118 3120
3119 3122 3120
3122 3121 3120
3123 3124 3118
3118 3124 3119
3125 3123 3118
3125 3118 3121
3126 3127 3128
3129 3126 3128
3129 3128 2474
3128 3127 2475
2475 2474 3128
3130 3119 3124
3124 3123 3131
3130 3124 3131
2127 508 509
2130 2127 509
2182 2150 2149
2335 2152 2484
2152 2144 2484
507 520 519
521 2153 2157
521 2157 2181
2153 2154 2157
2159 2181 2157
514 2153 521
516 520 2158
520 516 10
3132 3133 3134
3135 3132 3134
3135 3133 3132
2879 3136 3137
2293 3137 3098
3138 3137 3136
3138 3098 3137
3137 2294 2879
2294 3137 2293
3086 2915 3085
2915 3139 3085
3087 3085 3139
2166 1810 2167
1295 2917 1294
2917 2918 1294
2174 2591 2175
2174 1295 2591
2486 1699 2487
2486 3140 3141
3140 2486 2233
2486 2488 2233
1699 2486 3141
1698 2832 525
1705 525 2832
2867 3141 3140
3141 2867 1568
2867 3140 775
3142 2867 775
2849 2867 3142
3143 2914 3086
2915 3086 2914
3143 2916 2914
3144 1714 3145
3144 2555 2634
3144 3145 2555
2918 3144 2634
1714 3144 2918
3146 2722 2554
3146 3147 2722
3146 3145 521
3146 521 3147
2555 3146 2554
3145 3146 2555
496 3145 1714
3145 496 521
2181 3147 521
3147 2181 1196
3147 1196 2722
2180 2177 1194
2181 2180 1194
2179 3148 2231
2177 2179 969
2179 2158 520
3148 2179 507
520 507 2179
3149 2231 3148
2231 3149 2232
508 3149 3148
508 3148 507
3149 3150 2607
3149 2607 2232
508 3150 3149
3150 2246 2607
3150 1351 2246
1351 3150 508
1351 1353 2246
2182 2334 1277
2149 2334 2182
2182 1277 1354
2334 2333 1278
2334 1278 1277
2333 2335 2552
2333 2552 1278
2335 3151 2552
2483 3151 2335
2484 2483 2335
3151 3089 2552
2483 3089 3151
2552 3089 1289
3089 817 1289
3089 3152 817
3089 3091 3152
2192 2191 2317
3076 492 2191
1690 1691 3153
3153 2829 1690
1691 3154 3153
3154 1691 2199
3153 3155 2865
3155 3153 3154
2865 2829 3153
1604 2829 2865
1604 1606 2829
3156 2865 3155
3157 2865 3156
2865 3157 2863
2863 2826 2828
2198 2312 2199
2190 3158 2189
2189 3158 2200
3158 2314 2200
3158 2190 3159
3159 2989 3158
2314 3158 2989
2192 3159 2190
3160 1929 1928
1782 3160 1928
2919 1838 1734
2919 1843 1838
3161 2881 3162
3161 2203 2881
2203 3161 3163
3162 3163 3161
2280 2839 2838
2279 2280 2838
1702 1705 2832
2264 2827 373
3164 2806 3165
1426 3165 2806
2825 2806 3164
2805 2806 2825
1545 2209 3166
2209 2211 2800
2800 3166 2209
3167 2215 3168
3167 3169 2215
3169 1613 2215
2216 3168 2215
1511 3170 1514
1514 3170 2216
1436 3171 3172
3171 3173 3172
1436 3172 1440
3173 1440 3172
2444 1430 1431
2782 1382 2444
2444 1382 2780
2256 2444 2780
2444 2256 356
2256 2436 356
1379 1364 2436
1364 1365 2436
1431 2784 1403
2441 2443 2784
2784 1431 2441
1387 1407 3174
1387 3174 2776
1387 2776 1364
2776 3174 2777
2777 3174 1407
1413 2252 1426
2253 2252 2777
2712 3175 1123
2712 3176 3175
3176 3177 3175
1123 3175 1079
3177 1079 3175
2628 2640 3178
2640 3179 3178
3179 2640 2730
2640 2628 2643
2616 2735 2679
2616 2618 2735
70 69 1173
2690 2697 2767
2697 2690 2663
609 1152 610
609 608 1046
2716 2673 2684
1200 1174 2585
2534 1342 2532
2521 2532 1342
2521 2512 2532
2532 2512 2511
2532 2511 2530
2530 2511 2638
685 684 723
2638 2511 2509
2638 2509 2723
2697 2663 2771
2664 2771 2663
2734 2618 3180
3180 2516 2734
1182 2516 3180
1103 3180 2618
3180 1103 1182
2669 2672 2716
2672 2673 2716
2682 3181 2681
1344 2681 3181
1213 2541 2520
2520 2541 2542
2516 2666 2734
2492 2637 2493
2493 2637 2496
2671 2612 2687
2613 2687 2612
2729 2731 2706
2706 2705 2729
2729 3182 2730
3182 2729 2705
1234 3183 2674
3183 2651 2674
3183 1234 3184
2651 3183 3184
1277 1276 1354
2603 769 768
847 2603 768
1231 3184 1234
1231 2675 3184
2177 969 1194
2554 2722 1257
2918 2634 1294
2634 2555 2505
2634 2505 2600
3185 2497 2529
3185 2529 3186
3186 2713 3185
2497 3185 2498
2713 2498 3185
2576 2575 3187
1234 3181 2575
2575 3181 3187
2593 2591 1293
2591 1295 1293
1007 1338 257
1319 2653 1318
1318 2653 3188
3188 2757 1318
2751 2747 3189
2751 2752 2747
3190 2751 3189
2751 3190 2753
857 860 1280
658 1280 971
2514 2699 2654
2699 2653 2654
2519 1006 209
1007 1006 2738
2519 2738 1006
2542 2518 2520
2518 2738 2519
2738 2518 2542
1096 1217 717
1217 718 717
2721 2743 2719
2222 2712 1123
2720 2235 649
2739 2574 2572
2564 980 338
2564 1281 2603
2564 2603 980
311 695 1322
699 1131 1322
695 699 1322
610 2226 606
610 2647 2226
2581 3191 2582
3191 2581 1321
2581 2579 1321
2686 2687 3188
2686 2570 2683
2686 3188 2570
3192 3193 3187
3187 2682 3192
3187 3193 2576
3187 3181 2682
3193 3192 2749
3193 2749 2748
2748 2576 3193
1017 777 1018
2643 777 1017
112 983 882
2628 3178 2632
1353 2604 1302
3194 2533 2492
2535 2533 3194
2492 2533 2637
2735 2773 2679
2586 2761 3195
2586 2585 2761
2761 1164 3195
2759 2748 1222
2748 2759 3196
3197 3196 2759
2759 2760 3197
2744 2760 2750
1133 706 1228
1228 1131 1133
1131 1228 829
2593 2620 2592
2773 2763 2679
2763 2773 2775
2753 3198 2695
3198 2764 2695
2697 2695 2767
2633 1078 2588
601 2244 2633
3179 2730 3182
3176 2712 2713
1165 706 1133
2512 2521 2513
2176 2175 2647
2614 3199 2615
3186 3199 2614
2614 2500 3200
3186 2614 3200
1046 608 1047
2769 2745 2742
2745 2769 2664
2771 2664 2769
977 847 2645
2645 978 977
1213 2520 671
2756 2626 2754
2756 2739 2626
22 38 37
2526 2613 2560
653 170 169
2775 2746 2763
2763 2680 2679
2747 2746 3189
2746 2775 3189
2788 2253 2808
2253 2777 2808
1407 2789 2777
1431 1432 2441
2251 1359 2795
2249 2251 2795
2249 3165 1426
2249 2796 3165
2795 2796 2249
1359 1360 2795
3170 3201 3202
1511 3201 3170
3202 2216 3170
3203 3167 3168
3168 3202 3203
3168 2216 3202
3167 3204 3205
3203 3206 3167
3204 3167 3206
3205 3078 3167
3169 3167 3078
3202 3207 3203
3206 3203 3207
1465 1474 1480
1485 1540 3208
1542 3208 1540
1485 3208 1542
3209 2788 2808
3209 2808 2824
3209 2824 3210
3209 3210 3211
3211 2796 3209
2796 2788 3209
1606 1605 1513
1612 3169 3078
1613 3169 1612
3207 3202 3212
3206 3207 3212
2275 3213 3214
3213 2275 2273
3214 3215 2275
3215 2277 2275
2450 2859 385
3216 385 2859
385 3216 386
1485 1542 1549
1439 1545 3217
1439 3217 1435
3166 3217 1545
3217 3166 3218
3171 1435 3217
3217 3218 3171
2811 388 2809
388 2811 397
2811 3166 397
3218 3166 2811
3218 2811 2813
388 3219 2809
2812 2809 3220
3220 2809 3219
1549 1542 3221
3221 1542 1543
3222 1549 3221
3221 1543 3222
3216 2797 386
2208 2798 2857
2208 1481 2798
3165 3223 3164
3164 3223 2823
3164 2823 2825
3224 3225 3212
3212 3202 3224
3226 3212 3227
3227 3212 3225
3212 3226 3206
3213 3228 3214
3228 3215 3214
1535 2873 1534
510 1534 2873
1749 3229 3230
2852 3230 3229
3229 2268 2852
1749 2268 3229
2852 2850 3230
2852 2268 1632
2850 2818 3230
2859 2861 2858
1666 2839 2280
1585 1586 2279
2279 1592 1585
2841 2271 1595
1595 1799 2841
2271 1600 1595
1597 1799 1595
2273 2866 3213
1749 3230 1854
3230 2818 1854
3231 2881 2359
3231 1554 3162
3231 3162 2881
1554 3231 2358
3231 2359 2358
2842 1801 2843
2864 2863 3232
2311 2864 3232
1599 2864 2311
3233 3232 3157
3234 3233 3157
2311 3232 3233
3233 3234 2311
3232 2863 3157
3234 3157 3156
3235 3156 3155
3156 3235 3234
3154 3236 3155
3155 3236 3235
3154 2199 3236
3226 3227 3237
3237 3206 3226
498 496 1714
2875 1729 1728
1729 2875 2874
1734 1729 2874
3113 1728 1733
3109 2875 1728
3109 1728 3113
2920 2877 2296
2299 2920 2296
3238 3239 3240
3241 3240 3239
3241 3239 3242
3238 3243 3239
3242 3239 3243
3115 3240 3117
3240 3115 3238
3240 3241 3101
3104 3240 3101
3240 3104 3117
2877 2920 3244
3101 3244 2920
2926 3101 2920
2290 2336 2291
3245 2291 2336
3246 2291 3245
2291 3246 2294
2167 2290 1732
1810 2336 2290
2290 2167 1810
2336 1809 3245
2945 2880 2952
2359 2948 3247
2948 2359 2881
3247 2360 2359
2302 2881 2203
1903 3248 3247
3247 2948 1904
3247 1904 1903
3247 3248 3249
3247 3249 2360
2304 2305 2948
2881 2304 2948
2949 2883 2950
2950 2883 350
2950 2954 3248
2950 3248 2949
3250 3160 3251
3160 3250 3252
1929 3160 3252
1781 3251 3160
1781 3160 1782
1780 1778 1684
2885 1788 1802
1801 1802 1788
1788 1794 1801
2310 3234 2985
2985 3234 3235
3234 2310 2311
2312 3236 2199
3236 3253 3235
3253 3236 3254
2312 3254 3236
2312 2316 3254
2910 3255 1805
2317 1805 3255
2910 2326 3255
3255 2326 2325
2317 3255 3159
2325 3159 3255
493 2887 492
1815 1819 1818
418 2890 2902
2890 2196 2902
1822 2319 2456
2319 2320 2902
2456 2319 2902
1811 3256 2903
1811 2892 3256
2321 1826 2901
2901 2898 2900
2892 2896 3256
2897 2903 3256
3256 2896 2897
2898 2895 2896
2901 2895 2898
2895 2901 1825
2906 2905 1831
2332 2907 1827
2371 2368 2366
478 2368 2367
2368 478 2366
2434 3077 2464
3237 3257 3204
3204 3206 3237
3258 3257 3237
3237 3259 3258
3259 3237 3227
2879 2878 3260
3260 2878 2877
3261 3099 3262
3100 3262 3099
3099 3261 3243
3097 3099 3243
3103 3117 3104
2981 3263 1858
2339 1858 3263
2339 1856 1858
1859 2981 1858
3263 2981 2982
1860 2981 1859
3006 1864 1865
1866 1872 1865
3006 1865 1872
1880 3264 1878
3265 1878 3264
3265 1869 1878
1881 2341 1880
1880 2341 2343
3264 1880 2343
3266 3267 1881
2341 1881 3267
3266 1881 1882
3268 3267 3266
3268 2341 3267
3269 3268 3266
3266 1882 3269
2121 2938 3270
3270 2125 2121
2341 3271 2121
2938 2121 3271
2342 2123 3074
3272 2933 2936
3272 2936 3273
3271 3272 3273
3272 3271 2933
2347 2032 2346
2347 3274 2940
2940 2348 2347
2346 3274 2347
2940 3274 2941
2348 2940 2942
2941 3275 3276
2943 2941 2094
3276 2094 2941
2941 3277 3275
2941 3274 3277
3275 2283 3278
2283 3279 3278
2283 2285 3279
3275 2856 2283
2357 2356 3280
2356 3249 3280
2356 2360 3249
1903 2949 3248
1902 2949 1903
1933 1935 2955
2322 3159 2325
2969 2906 2908
2328 2906 2969
2101 2096 2105
1948 1944 1949
1952 451 1961
2458 1966 451
2374 2927 2025
3281 1973 1970
1973 3281 3282
3006 1973 3282
3006 1872 1973
3265 3264 2983
2984 2983 3264
2983 1868 3265
1974 1868 2983
1993 3054 2384
3252 3250 3281
3282 3281 3250
1970 1929 3281
1929 3252 3281
478 2367 2927
2025 2927 2367
2963 2036 2035
2035 2001 2963
3276 2093 2095
2093 3276 3283
3284 2093 3283
2090 2093 3284
2412 3285 2413
3285 2412 2415
3063 2285 2962
2962 2285 2284
2962 2385 3286
3286 3063 2962
2962 1990 2385
2384 3062 2385
3058 2384 3054
2384 3058 3062
2390 482 486
2399 3010 3287
3011 3010 2399
3012 3288 3010
3288 3287 3010
2052 2459 2053
2459 2052 3289
3288 3289 2052
2048 3288 2052
2048 2049 3288
2396 2399 3287
2401 2396 3287
3287 2049 2402
3287 2402 2401
2400 2401 2402
2402 2403 2400
2053 2459 2462
2403 2053 2462
3287 3288 2049
2990 3290 2992
3290 2993 2992
3036 3291 3044
3291 3030 3044
3291 3036 2405
3020 3030 3291
3020 3291 2405
3044 3030 3029
3021 3051 3028
2081 2080 480
479 2081 480
2080 481 480
3047 3037 3038
3037 2405 3036
2406 2405 3037
485 2996 3049
3049 2996 2997
485 3049 487
3041 3026 3039
3041 3039 3040
3026 3028 3039
2409 3004 487
2069 2409 487
2410 2072 3038
2070 2069 487
2079 3052 2077
2082 3052 2079
3054 2090 3284
3286 2415 3063
3059 3058 3054
3054 3284 3059
3056 3065 3068
3056 3068 2421
3060 3065 3056
3292 3293 3294
3292 3294 3066
3061 3294 3293
3066 3294 3061
3065 3295 3296
3296 3295 3297
3292 3296 3297
3065 3296 3292
3293 3297 3295
3295 3065 3060
3295 3060 3293
3068 2419 2421
3068 2426 2419
2427 2931 2431
2112 2937 2931
3270 2126 2125
3136 2879 3260
3298 3136 3260
3298 3138 3136
2778 1422 1364
1541 4 365
389 4 1541
3080 3299 3213
3299 3228 3213
3080 3213 2866
2370 2108 2022
2061 2060 2041
493 2463 1809
2465 1809 2463
3105 3092 3093
2143 2876 500
3106 500 2876
3131 3123 3300
3087 3123 3125
3301 3300 3123
3123 3087 3301
3122 3302 3121
3302 3122 3129
2477 3121 3302
2474 3302 3129
2474 2477 3302
3093 3094 2134
2467 2134 3094
2467 3094 3095
3301 2469 3300
3131 3300 2469
2131 2480 3303
3301 3303 2480
3301 3087 3303
2132 2131 3303
3303 3139 2132
3087 3139 3303
3131 3304 3130
3304 3131 3103
3305 3304 3103
3306 3130 3304
3306 3304 3305
2573 1007 2738
3307 2736 3308
3309 2494 2736
2736 3307 3310
2736 3310 3309
2661 3308 2736
2550 2631 2551
3311 2551 2631
2551 3311 643
3312 2757 3188
3312 3188 2687
2613 2757 3312
2613 3312 2687
3176 2713 3186
3311 3308 3313
2248 3311 3313
2661 2248 3313
3313 3308 2661
1271 2601 2758
2505 2758 2601
3314 2602 2601
2601 2600 2505
1271 1272 2601
3314 2601 1272
2707 3315 2749
3315 1220 2749
1327 2707 2749
1327 2749 3192
2682 1327 3192
2243 2499 565
2774 3190 3189
2774 3189 2775
2644 2567 2587
2725 3316 3317
3316 2731 3317
3316 2706 2731
3316 2725 2706
998 626 198
63 62 626
2492 3309 3194
3310 3194 3309
3194 3310 2535
317 1053 1014
2626 2627 2754
2627 2697 2754
531 1237 1245
531 653 937
2523 2650 2762
3199 2528 2672
2528 3186 2529
3186 2528 3199
2752 2623 2548
2623 2549 2548
2623 2752 2627
2752 2548 2747
2680 1315 2677
917 70 1173
3314 1075 2602
1183 2602 1075
1183 1160 2602
111 110 691
2653 2699 3188
2699 2570 3188
3184 2650 2651
1234 2674 3181
3196 2576 2748
3315 2707 2725
1220 3315 2725
714 1097 717
1102 1190 2557
2582 3318 2774
3191 3318 2582
2582 2774 2715
3190 2774 3318
3318 2753 3190
3318 3191 3198
3198 2753 3318
2550 780 779
3319 2727 2535
2727 3319 3179
2727 3179 2728
2615 3199 2669
3320 2586 3195
3320 3195 3317
3317 2731 3320
3320 2731 2644
3320 2644 2586
2644 2587 2586
3191 2768 2764
3198 3191 2764
1329 959 111
861 111 959
691 1329 111
3317 3195 1162
1164 1162 3195
3308 2631 3307
3308 3311 2631
3307 2631 2632
3321 2664 2546
3321 2546 2577
1182 1094 2516
3319 2535 3310
3319 3310 3179
311 312 695
313 649 312
2726 887 1024
2606 1266 1024
2606 1265 1266
1078 2499 2588
2588 2499 2243
3310 3307 3178
3178 3307 2632
2720 649 557
3322 2675 2693
3322 3184 2675
2492 2494 3309
3177 3323 1078
3323 3177 3176
2499 1078 3323
2499 3323 2500
3323 3176 3200
3323 3200 2500
959 1329 958
1321 2768 3191
915 914 1056
914 1097 1056
2743 2721 2739
2517 1024 1266
2248 643 3311
2692 2768 2693
3321 3197 2760
3321 2760 2744
2689 2728 2705
2647 610 3324
3324 610 1152
3317 1162 2725
2574 2739 2721
3177 1078 1079
1377 1383 2782
1432 3325 2439
2439 3325 1408
2439 2441 1432
2778 1415 2786
2808 2777 2789
3325 1432 2790
1564 1600 1500
2795 1360 2793
3204 3078 3205
1549 3222 1550
2812 3220 2813
3326 2860 1553
3326 1553 2880
2860 3326 1988
1988 3326 2880
3210 2824 3223
3223 3211 3210
2823 3223 2824
3223 3165 3211
1698 2831 2832
2858 3216 2859
3216 2858 2797
2857 2797 2858
3162 1554 1669
1551 1669 1554
2358 2952 1554
2952 1553 1554
1599 1600 1564
3224 3228 3225
3224 3202 3215
3224 3215 3228
1699 3141 1568
1734 2874 2919
2298 2879 2294
3244 3135 2877
3135 3260 2877
3244 3101 3241
3244 3241 3135
3245 1809 2465
2465 3246 3245
2856 2929 2855
3280 2952 2357
2952 2358 2357
2354 1897 1666
1666 2280 2354
475 2456 2366
2366 2456 2371
2456 2902 2371
2892 2898 2896
2320 2898 2892
3327 3077 3204
3204 3257 3327
3078 3204 3077
3259 3225 3228
3225 3259 3227
3241 3242 3328
3328 3242 3133
3133 3135 3328
3135 3241 3328
2923 2299 2925
1868 1869 3265
3268 3271 2341
3329 3074 3330
3074 3329 2342
3330 3074 2126
3270 2938 2937
2938 3273 2936
2938 3271 3273
2934 2933 3268
3268 3269 2934
2934 3269 2935
2094 3276 2095
3276 3275 3283
3277 3331 3275
3275 3278 3283
3331 2929 3275
2856 3275 2929
1668 2203 3163
1669 1668 3163
1897 2354 2953
2953 2954 1897
2954 3249 3248
1902 1899 2949
3332 2960 2378
2105 2960 3332
469 3333 3003
3263 3334 3333
3334 3003 3333
3263 3333 2339
3333 469 2339
3282 3005 3006
3005 3282 3335
3250 3335 3282
3270 3330 2126
3330 3270 2937
3330 2112 3329
2937 2112 3330
1781 2364 3251
2364 2993 3251
2994 2993 2364
2999 2973 2974
2997 2973 3000
3000 2973 2999
2110 2984 2112
3286 2385 3062
1802 2985 2885
3253 2885 2985
2885 3253 2886
2987 2324 2328
2324 2989 2322
2999 2974 2020
2999 2020 2968
2999 2968 2909
1877 2339 469
1877 469 457
3336 3337 3338
3339 3337 3340
3337 3339 3338
2392 3337 3336
3337 2394 3340
3337 2392 2394
2043 3336 3338
3341 3336 2043
3339 2043 3338
2041 2043 3339
3341 2043 2045
2041 3339 3015
2061 2041 3015
3011 3339 3340
3340 2394 3011
3289 2460 2459
2061 3016 2062
2045 2461 3250
3250 2461 3335
3335 2461 2460
2988 2967 2067
2067 3342 2988
2315 3342 2067
2332 2891 2977
2406 2070 487
3038 2072 3047
3341 3343 3336
3344 3336 3343
3336 3344 2392
3341 3290 3343
2993 3341 3251
3341 2993 3290
3251 3341 2045
3012 3005 3345
3005 2393 2392
3345 3005 3335
2394 2393 3011
3346 3071 3347
3071 3279 3347
3285 3346 3347
3347 2413 3285
2413 3347 2285
3347 3279 2285
3348 3349 3279
3349 3278 3279
3349 3348 3350
3350 3278 3349
3350 3059 3284
3350 3061 3059
2425 3351 3072
3069 3351 2425
3351 3069 3073
3073 3072 3351
3066 3348 3071
3066 3065 3292
3066 3350 3348
3061 3350 3066
3072 2415 2425
2426 3069 2425
2954 2952 3280
2954 3280 3249
3077 3352 2464
2464 3352 2465
2848 2847 3082
2476 2478 3082
3088 3082 2847
3098 3097 3111
3111 3110 3109
3111 3097 3110
3138 3100 3098
3134 3353 3298
3298 3353 3354
3353 3355 3354
3134 3355 3353
3261 3262 3356
3243 3261 3242
3355 3261 3356
3355 3242 3261
3138 3357 3100
3138 3298 3357
3354 3262 3357
3100 3357 3262
3357 3298 3354
3134 3358 3135
3260 3135 3358
3358 3134 3298
3358 3298 3260
3238 3115 3097
3243 3238 3097
2925 3305 2924
3103 2924 3305
3103 2926 2924
3327 3257 3359
3360 3327 3359
3257 3258 3359
3306 3360 3359
3258 3306 3359
3299 2473 3127
2473 2475 3127
3361 3299 3127
3126 3361 3127
2473 3299 3080
3228 3299 3259
3299 3361 3259
2473 3081 2470
3081 2478 2470
2911 2136 2912
2132 2912 2136
2912 2132 3139
3139 2915 2912
2134 3105 3093
3103 3131 2469
3130 3306 3119
3362 3122 3119
3119 3306 3362
3087 3125 3121
3087 3121 2477
3362 3129 3122
3362 3126 3129
3362 3361 3126
2480 2131 2134
2479 3301 2480
3305 2925 3360
2925 2299 3246
2925 3246 3360
2176 2647 3324
2488 2176 3324
3363 3364 3365
3142 3364 2849
3363 2849 3364
3365 3364 2916
3142 2916 3364
3366 3142 2701
3142 1249 2701
3142 775 1249
2916 3142 3366
3086 3088 3143
3367 3365 3143
3143 3088 3367
2916 3143 3365
3367 2847 3365
2847 3367 3088
3363 3365 2847
2849 3363 2847
2911 3366 2700
3366 2701 2700
2911 2916 3366
3152 3368 814
3152 814 817
3152 2136 3368
2136 3152 3091
3368 2911 2648
3368 2648 814
2136 2911 3368
2953 2952 2954
2952 2880 1553
3165 2796 3211
389 1550 388
3219 388 3222
388 1550 3222
2212 2261 2211
2260 2261 2212
1548 2260 2212
1543 1541 3173
1440 1541 365
3173 1541 1440
1329 616 866
2657 932 934
2657 1171 932
2672 2669 3199
2576 3196 2577
2911 2700 2648
2648 2700 659
2181 1194 1196
2701 1249 1250
3186 3200 3176
2707 2706 2725
3196 3197 2577
2726 1024 2517
2577 3197 3321
2757 2613 2526
2710 2757 2526
1000 861 959
3182 2705 2728
2495 2498 2662
2709 2762 3322
2762 2650 3322
2762 2709 2710
2549 2738 2542
1510 3325 3369
3370 3369 3325
1511 3369 3370
1511 1510 3369
3325 2790 2277
3173 3371 3222
3173 3222 1543
3173 3171 3371
3215 3202 3201
2277 3370 3325
3215 3370 2277
2857 2798 2797
1435 3171 1436
3219 3371 3220
3222 3371 3219
2354 2280 1768
3352 3077 3327
2352 2953 2354
3342 2315 2314
3342 2314 2989
2989 3159 2322
3159 2192 2317
2904 2903 2897
2320 2892 2902
1825 2901 1826
2844 2848 2845
3242 3372 3133
3242 3355 3372
3268 2933 3271
3329 3264 2342
3329 2984 3264
2984 3329 2112
3373 3374 2109
1886 3373 2109
2346 2109 3374
2935 3373 1886
2935 2928 3373
2928 3374 3373
3277 3274 3374
3331 3277 3374
3331 3374 2928
3374 3274 2346
2985 3235 3253
478 2927 462
2045 3250 3251
2886 3254 2957
3254 2886 3253
2967 2988 2987
2988 3342 2989
2968 2969 2908
2968 2020 2019
2908 2909 2968
3285 3071 3346
2957 2316 2966
3254 2316 2957
3000 3002 2084
3339 3011 2399
3345 3289 3012
3288 3012 3289
2460 3289 3345
2460 3345 3335
3339 2399 2400
3015 3339 2400
2462 2400 2403
3290 3344 3343
3290 2990 3344
3051 3025 3028
2990 2076 3344
3041 3043 3026
3028 3026 3027
3026 3044 3029
3022 2077 3052
3279 3071 3348
2420 3062 2421
2415 3286 2420
3062 2420 3286
3372 3355 3133
3133 3355 3134
3262 3354 3356
3140 2233 775
2813 3220 3171
3171 3218 2813
1321 2709 2768
2709 2693 2768
3355 3356 3354
1510 1408 3325
3171 3220 3371
3264 2343 2342
1511 3370 3201
3370 3215 3201
3306 3305 3360
2693 2709 3322
3072 3071 3285
3310 3178 3179
3163 3162 1669
3331 2928 2929
3278 3350 3283
3283 3350 3284
3000 2084 2997
2075 2392 3344
2075 3344 2076
3360 3352 3327
3072 3285 2415
174 2656 175
174 1171 2656
604 2244 601
2800 397 3166
2800 2792 397
3109 2876 2875
1632 1574 2819
2082 3025 3052
1581 1587 1580
3321 2744 2745
1685 2862 1776
1685 2001 1678
3352 3360 3246
21 22 543
2469 3301 2479
1771 1766 1581
1587 1581 1766
1766 1586 1587
2233 2488 3324
3324 1152 2233
3179 3182 2728
823 175 2656
1148 546 1117
481 3020 2405
2605 2557 2556
2646 2638 2723
1481 1477 2798
1516 1626 1712
1518 1626 1516
503 2484 2144
1569 1699 1568
2449 1453 1471
2846 2478 3081
2780 2779 2256
2928 2935 1882
2935 3269 1882
1281 860 769
769 2603 1281
1209 146 760
266 596 898
2105 3332 2101
2101 3332 2378
486 487 3334
2982 486 3334
486 2982 2390
3293 3292 3297
3334 3004 3003
2638 2646 2637
1453 2449 1458
773 761 146
1529 1572 1573
971 713 813
1683 1678 1677
2371 2902 2196
2656 1171 2657
575 574 771
1237 729 1245
3181 2674 1344
3060 3061 3293
3004 3334 487
203 757 332
1777 1776 2862
2987 2328 2969
728 731 732
3263 2982 3334
2862 1684 1777
2650 3184 3322
2987 2969 2967
2262 1546 2792
1778 1777 1684
1379 2780 1382
1076 1075 3314
3352 3246 2465
1551 394 1664
1664 394 1561
760 146 761
1076 3314 1272
2299 2294 3246
1382 2782 1383
1091 576 575
3306 3258 3361
3258 3259 3361
3361 3362 3306
2792 2800 2262
3321 2745 2664
