0 1 2
1 3 2
0 3 1
4 5 6
6 7 4
8 7 6
8 6 5
9 10 11
10 9 12
12 11 10
13 14 15
14 13 16
15 17 13
13 17 16
14 17 15
18 19 20
20 21 18
20 22 21
22 20 19
22 19 18
8 5 23
24 5 4
5 24 23
25 26 27
28 25 27
26 28 27
25 29 26
29 25 28
30 8 31
30 31 32
32 31 8
18 21 14
22 18 14
24 4 7
33 34 35
34 36 35
37 36 34
34 33 38
37 34 38
39 40 41
39 42 40
41 43 39
43 42 39
44 45 46
44 42 45
45 42 47
45 48 46
47 48 45
49 50 51
50 52 51
52 53 51
51 53 54
54 49 51
8 30 7
30 24 7
55 56 57
58 57 56
57 59 55
57 60 59
60 57 58
61 62 63
64 61 65
65 61 63
61 66 62
64 66 61
67 68 69
69 68 70
68 67 71
71 72 68
70 68 72
73 74 75
74 76 75
76 74 77
78 74 79
73 79 74
78 80 74
80 81 74
81 77 74
82 83 84
83 82 85
83 85 86
84 83 87
86 87 83
88 89 90
88 91 85
85 89 88
92 91 88
92 88 90
93 0 2
0 93 94
95 3 0
0 94 95
96 97 98
99 98 97
100 97 101
100 99 97
101 97 102
97 96 102
103 104 105
55 105 104
106 55 104
104 107 108
104 108 106
109 104 103
104 109 107
110 79 111
110 111 112
111 79 112
113 114 115
116 47 113
114 113 47
116 113 117
115 117 113
118 119 120
105 118 120
105 120 121
120 119 121
122 123 124
124 123 125
122 126 123
126 125 123
127 128 129
127 130 131
127 131 128
127 132 130
132 127 129
46 133 134
46 135 44
135 46 134
46 48 133
136 50 49
136 49 137
137 49 138
49 139 138
49 54 139
35 140 141
35 142 33
142 35 141
140 35 36
143 144 103
145 143 103
146 147 103
146 103 148
103 144 148
121 103 105
121 145 103
149 103 147
150 103 149
103 150 109
151 152 153
152 151 154
152 154 155
156 152 155
156 153 152
157 40 158
40 157 41
40 159 158
159 40 42
160 161 162
163 160 162
162 161 164
165 162 164
162 165 166
162 166 163
167 168 169
168 170 169
171 168 167
168 171 172
168 172 170
173 174 175
176 175 174
177 173 175
176 177 175
178 2 179
180 2 178
2 180 93
2 3 181
2 181 179
182 53 183
184 182 183
183 185 184
186 183 53
183 186 185
187 188 189
190 188 187
191 187 189
187 192 190
191 192 187
140 193 194
193 140 36
194 48 140
48 141 140
195 86 196
86 195 87
197 87 195
198 197 195
196 198 195
199 200 201
199 201 202
203 199 204
199 203 200
205 199 202
199 205 204
206 207 208
208 207 209
207 191 209
207 210 191
210 207 206
14 21 17
16 211 14
14 211 22
135 134 159
133 159 134
212 213 214
213 212 215
212 216 215
216 212 217
218 217 212
214 218 212
219 220 221
219 222 220
221 220 222
223 224 64
64 225 223
226 64 65
64 226 225
66 64 224
227 125 228
114 124 125
125 126 228
125 227 229
125 229 114
230 231 232
232 233 230
233 234 230
231 230 234
235 236 237
237 238 235
236 222 237
238 237 222
239 240 241
240 242 241
242 243 241
243 244 241
245 239 241
244 245 241
142 38 33
246 247 248
249 246 248
249 250 246
246 171 247
251 171 246
246 250 251
252 253 254
252 255 256
256 253 252
254 257 252
255 252 257
258 259 169
169 170 258
258 170 260
261 258 260
258 261 259
262 263 264
265 264 263
266 265 263
262 266 263
267 268 269
268 267 144
270 144 267
267 269 270
271 80 272
81 80 271
272 273 271
273 81 271
274 275 276
276 277 274
92 276 275
92 277 276
278 279 280
280 281 278
280 279 282
281 280 282
283 284 285
285 286 283
285 287 286
288 285 284
287 285 288
228 289 227
290 227 289
227 290 229
291 292 293
291 294 292
293 292 295
294 295 292
296 297 298
297 296 299
298 297 299
300 301 302
302 301 303
301 304 303
301 300 304
305 306 307
306 305 308
308 305 309
310 305 307
310 309 305
311 312 313
312 311 314
311 315 314
315 311 316
316 311 266
313 266 311
317 318 319
318 317 320
319 321 317
322 317 321
322 320 317
323 324 325
323 325 326
327 323 326
323 327 324
328 329 330
330 155 328
155 330 156
331 330 329
330 331 156
332 333 334
333 332 335
333 72 334
72 333 335
336 284 337
284 283 221
221 337 284
336 288 284
78 79 338
80 78 339
339 78 338
340 96 98
102 96 341
340 341 96
30 342 24
30 343 342
32 343 30
344 154 345
154 344 346
347 346 344
344 348 347
345 349 344
348 344 349
350 351 352
352 353 350
354 350 353
350 354 355
351 350 356
355 356 350
357 358 359
359 36 357
359 360 36
360 359 361
362 359 358
359 362 361
363 364 365
364 363 366
367 366 363
363 365 368
368 367 363
369 370 371
370 369 372
370 372 373
374 371 370
373 374 370
375 376 377
378 379 375
375 377 378
380 375 379
376 375 380
381 382 383
381 384 382
105 382 384
385 382 105
383 382 385
386 387 388
387 389 388
388 389 390
390 251 388
388 251 386
206 391 392
392 210 206
393 394 392
393 392 391
395 392 394
395 210 392
396 397 398
398 124 396
399 396 124
397 396 126
399 126 396
99 400 98
401 99 100
402 400 99
99 401 402
403 404 405
406 405 404
405 406 403
287 336 337
221 407 337
407 287 337
408 409 410
409 408 411
410 412 408
412 411 408
413 223 225
223 413 216
223 414 224
414 223 216
415 147 416
417 415 416
417 416 418
147 419 416
416 419 418
146 420 421
418 420 146
421 420 422
420 418 422
201 200 423
424 423 200
200 203 424
425 426 427
425 427 428
428 427 429
427 426 430
430 429 427
143 410 409
410 143 431
412 410 431
158 432 157
433 157 432
157 433 41
434 372 435
435 372 180
374 434 435
374 435 180
436 437 438
436 439 437
440 438 437
437 439 440
441 442 443
442 441 444
445 443 442
442 446 445
442 444 446
447 448 449
450 449 448
447 451 448
448 451 450
452 453 454
452 454 340
341 340 454
453 341 454
8 23 32
432 158 399
159 399 158
455 249 456
457 456 458
456 249 458
455 456 459
457 459 456
160 178 179
160 179 460
181 460 179
461 462 463
462 464 463
461 463 465
464 465 463
466 467 468
467 466 469
467 469 470
440 468 467
470 440 467
185 326 325
326 185 327
471 338 110
110 338 79
472 338 471
339 338 472
473 474 475
474 473 476
477 476 473
354 473 475
354 477 473
478 479 206
478 480 479
208 481 478
208 478 206
478 481 482
482 480 478
403 483 484
483 406 484
483 403 406
485 486 447
486 485 487
95 486 487
486 95 488
488 451 486
451 447 486
290 115 114
114 229 290
114 47 124
489 490 491
491 490 492
490 493 492
490 489 494
494 495 490
493 490 495
279 496 497
497 496 498
282 279 497
497 499 282
497 498 500
499 497 500
501 502 503
502 504 505
505 503 502
501 506 502
504 502 506
398 122 507
122 398 397
124 398 507
279 278 508
286 279 508
281 508 278
499 508 281
500 508 499
508 500 286
509 510 511
510 509 512
510 512 513
513 514 510
514 511 510
515 516 517
517 518 515
518 517 519
520 517 516
520 519 517
521 56 522
522 523 521
106 522 56
522 106 523
524 525 376
376 526 524
527 528 524
524 529 527
529 524 530
530 524 526
524 531 525
531 524 528
462 532 533
462 533 464
534 533 532
533 534 464
535 536 537
536 535 538
539 538 535
540 535 537
541 539 535
535 540 541
492 247 167
171 167 247
492 493 247
247 493 248
542 283 543
283 542 221
286 500 283
543 283 500
525 544 545
546 545 544
544 525 531
546 544 531
547 548 549
547 549 541
541 550 547
548 547 550
551 552 553
551 553 554
551 554 555
552 551 555
556 553 552
552 555 556
259 557 558
557 259 261
557 261 559
557 559 558
116 560 561
561 560 47
47 116 561
562 391 563
564 562 563
562 564 565
562 566 391
565 566 562
567 415 568
569 567 568
417 568 415
568 417 569
560 116 570
117 570 116
571 572 573
573 574 571
571 575 576
575 571 574
572 571 577
576 577 571
578 579 580
581 580 579
580 582 578
582 580 581
583 584 585
583 586 587
587 584 583
583 588 589
585 588 583
589 590 583
583 590 586
369 371 591
591 94 369
94 591 161
591 592 161
593 591 371
592 591 593
594 595 240
594 240 239
596 594 239
597 595 594
597 594 596
43 41 433
55 383 385
59 383 55
383 59 381
387 386 598
598 599 387
387 600 389
600 387 599
601 461 602
602 461 294
295 294 461
601 462 461
465 295 461
460 603 161
460 604 603
603 604 161
605 69 606
69 605 67
70 607 69
69 607 606
71 608 609
334 71 609
608 332 609
334 609 332
610 611 612
613 610 612
610 613 611
614 477 615
616 614 615
616 615 353
353 615 354
615 477 354
617 618 619
617 275 618
618 620 619
275 620 618
180 178 621
178 371 621
178 160 622
178 166 371
166 178 622
623 624 625
487 624 623
623 625 95
623 95 487
282 499 281
563 206 479
626 563 479
626 479 480
627 628 567
567 569 627
149 627 569
628 627 149
489 629 494
630 629 489
491 630 489
631 556 632
632 556 633
631 553 556
556 555 633
634 635 3
604 460 635
636 604 635
636 635 634
460 181 635
3 635 181
637 638 639
639 640 637
640 641 637
638 637 641
279 286 496
642 444 441
446 444 642
643 54 633
325 54 643
643 633 644
644 325 643
143 268 144
270 148 144
645 646 355
645 647 646
356 646 647
356 355 646
193 648 194
648 193 649
36 649 193
143 145 431
411 412 145
431 145 412
121 411 145
374 180 621
621 371 374
650 269 651
651 269 268
268 418 651
418 148 651
148 650 651
384 381 59
652 653 654
655 654 653
652 654 656
654 655 656
657 658 659
660 661 659
659 661 657
660 659 662
663 662 659
663 659 658
664 665 213
666 664 213
667 664 666
667 668 664
664 668 665
42 44 669
42 43 47
669 159 42
108 523 106
108 521 523
269 650 270
133 648 649
649 36 133
648 133 48
159 133 36
579 578 670
579 670 671
579 672 581
672 579 671
38 142 673
674 38 673
673 142 674
675 676 677
677 676 678
679 675 677
677 680 679
680 677 681
681 677 678
399 124 43
433 399 43
124 47 43
682 683 684
683 685 684
686 683 682
686 685 683
48 194 648
141 687 674
142 141 674
48 687 141
688 576 575
576 688 577
515 518 689
690 515 689
689 691 690
518 692 689
691 689 692
289 228 115
115 228 126
484 693 403
693 484 273
694 273 484
484 406 694
82 84 695
696 82 695
695 697 696
697 695 84
698 699 700
701 702 700
703 700 702
700 703 698
704 700 699
701 700 704
705 706 707
706 708 707
707 709 705
708 709 707
710 711 712
712 711 713
714 713 711
711 710 714
124 507 122
135 669 44
715 457 716
717 457 715
457 458 716
459 457 717
400 718 98
400 715 718
715 716 718
719 718 716
98 718 340
719 340 718
90 89 720
721 90 720
90 722 723
722 90 721
90 723 92
724 380 379
724 300 302
380 724 302
379 528 724
528 304 724
300 724 304
119 118 725
119 725 726
726 121 119
496 286 287
727 728 729
730 729 728
731 727 729
729 730 731
732 733 734
733 732 735
734 733 736
736 733 735
737 738 739
740 741 739
742 740 739
739 738 742
739 743 737
743 739 741
720 89 696
89 82 696
89 85 82
404 693 744
745 744 693
693 404 403
745 693 273
746 747 748
749 746 748
748 750 749
747 750 748
751 318 752
753 751 752
256 753 752
752 318 754
752 754 256
115 290 289
268 143 409
409 411 59
59 268 409
755 480 756
626 480 755
756 757 755
755 757 626
758 759 760
758 761 759
759 762 760
762 759 761
62 602 294
66 601 602
66 602 62
763 47 560
560 117 763
47 763 764
117 764 763
765 766 767
768 767 766
767 768 769
769 770 767
771 767 770
767 771 765
669 135 772
159 772 135
773 774 775
773 776 774
777 775 774
776 777 774
778 779 780
780 781 778
778 781 782
782 779 778
783 784 785
784 783 786
786 787 784
787 788 784
784 788 785
146 421 147
419 147 421
422 419 421
789 790 791
226 65 791
791 790 226
789 791 792
791 65 792
236 498 496
793 236 496
287 793 496
794 795 796
794 756 480
796 756 794
795 794 797
797 794 482
480 482 794
588 798 799
798 588 585
585 800 798
801 799 798
801 798 800
441 802 642
446 642 803
642 802 803
617 619 67
804 805 617
806 617 67
275 617 807
807 617 805
617 806 808
808 804 617
650 148 270
809 810 811
811 812 809
812 811 813
811 810 813
56 521 58
56 55 106
814 815 816
815 814 12
12 817 815
817 818 815
818 816 815
316 819 820
820 819 821
822 315 820
316 820 315
149 820 821
822 820 149
415 567 628
147 415 628
149 147 628
823 824 825
826 825 824
824 823 827
826 824 827
462 224 828
601 224 462
601 66 224
224 414 828
404 744 694
406 404 694
829 830 831
832 829 831
832 680 829
680 833 829
830 829 833
665 834 835
836 837 834
838 834 837
834 838 835
834 665 668
668 836 834
554 553 182
555 554 182
605 606 607
839 840 841
840 842 841
840 839 842
835 214 665
214 835 843
838 843 835
504 844 505
845 844 504
506 845 504
846 847 848
846 849 847
847 850 848
850 847 849
170 173 260
173 170 174
173 789 260
177 789 173
851 852 94
94 852 853
853 852 854
852 855 854
851 636 852
855 852 636
856 857 858
858 857 859
859 860 858
860 861 858
858 861 856
862 863 445
202 445 863
205 863 862
863 205 202
11 864 865
865 866 11
9 11 866
11 12 864
790 352 226
790 789 177
352 790 177
105 55 385
867 725 868
868 725 118
725 867 726
869 870 871
872 870 869
873 874 869
869 871 873
869 874 875
872 869 875
876 446 877
204 876 877
205 446 876
205 876 204
878 879 880
881 879 878
880 879 882
879 881 883
879 883 882
884 52 885
52 884 886
885 887 884
887 888 884
888 886 884
889 890 891
892 893 890
657 890 893
890 661 891
890 657 661
892 890 894
894 890 889
159 669 772
401 895 896
897 401 896
897 896 857
896 895 859
859 857 896
898 899 424
899 898 204
203 204 898
203 898 424
376 545 377
377 545 546
546 378 377
608 67 619
608 619 335
608 71 67
332 608 335
443 900 441
443 445 202
900 443 582
901 443 202
901 582 443
24 902 903
24 903 904
904 903 905
906 905 903
902 906 903
118 105 384
59 118 384
466 468 907
908 907 468
908 468 440
909 910 911
911 910 864
864 814 911
816 911 814
909 911 912
912 911 816
913 806 605
913 605 607
808 806 913
607 808 913
914 915 916
914 916 917
916 915 918
916 919 917
918 919 916
121 867 868
411 121 868
118 59 868
411 868 59
920 921 922
923 920 922
922 805 923
924 922 921
922 924 92
92 807 922
805 922 807
376 525 545
376 380 526
373 372 434
374 373 434
925 926 927
925 927 758
761 927 926
761 758 927
704 924 928
928 198 704
924 198 928
929 232 231
233 232 930
931 930 232
232 929 931
771 932 765
766 765 933
765 932 933
632 53 631
54 632 633
53 632 54
719 716 934
458 934 716
180 935 93
935 94 93
936 937 938
939 937 936
940 936 938
939 936 940
249 455 250
941 250 455
941 455 459
867 121 726
942 943 944
945 944 946
942 944 945
944 947 946
943 947 944
948 949 950
951 952 948
950 951 948
953 948 952
948 953 949
954 955 956
955 957 958
957 955 954
955 959 956
958 960 955
955 960 959
197 697 84
84 87 197
961 962 963
964 961 965
963 966 961
961 966 965
961 967 962
961 964 967
293 968 291
294 291 969
291 968 969
970 971 972
970 973 971
970 972 974
973 970 974
901 670 578
578 582 901
59 418 268
75 975 73
975 112 73
975 75 976
976 112 975
977 978 979
977 979 564
980 978 977
980 977 564
981 982 231
983 982 981
984 983 981
234 981 231
981 234 984
838 985 843
838 933 985
985 218 843
933 218 985
986 987 988
989 987 986
990 988 987
989 990 987
126 122 397
652 991 688
992 993 991
577 688 991
991 993 577
656 991 652
991 656 992
994 995 996
996 995 997
994 953 995
953 998 995
999 997 995
999 995 998
94 935 369
369 935 372
355 475 645
355 354 475
743 475 474
475 743 645
1000 1001 1002
1003 1004 1001
1005 1001 1004
1006 1001 1000
1001 1006 1003
1001 1007 1002
1001 1005 1007
1008 1009 1010
1009 1011 1012
1011 1009 1008
1009 1013 307
1012 1013 1009
1009 307 1014
1009 1014 1010
58 521 108
445 446 862
446 205 862
720 696 697
389 1015 390
1016 1015 389
1015 172 390
1016 172 1015
62 1017 63
62 294 1017
399 433 432
209 189 188
209 191 189
386 251 1018
598 386 845
845 386 1018
372 935 180
1019 1020 907
907 1020 466
1020 1019 692
1021 1020 692
466 1020 1021
441 1022 802
441 900 1022
148 418 146
419 422 418
417 418 822
822 418 59
1023 413 1024
1024 647 666
666 1023 1024
356 1024 413
647 1024 356
1025 1026 1027
1025 1028 1026
1028 1029 1026
1029 1027 1026
864 910 865
1030 866 865
1031 1030 865
1032 1031 865
910 1032 865
732 746 299
746 732 1033
1033 747 746
749 299 746
371 166 593
537 1034 540
1035 1034 537
536 1035 537
1036 1037 1038
1036 1038 414
414 217 1036
218 1036 217
1036 218 1037
117 560 570
1039 687 1040
823 1039 1040
1039 823 825
687 1039 1041
825 1041 1039
538 1042 536
1042 1043 536
536 1043 1035
1044 1045 1046
1046 1047 1048
1044 1046 1048
1046 1045 1049
1049 1047 1046
1050 491 1051
1052 1051 558
1051 1052 1050
1051 1053 558
1051 491 1053
231 982 929
1054 929 982
929 1054 1055
1055 931 929
1056 274 277
28 1056 277
1056 1057 274
1056 762 1057
762 1056 28
631 53 182
553 631 182
1058 1059 1060
1060 1059 1061
1060 1061 1062
1063 1060 1062
1058 1060 1064
1063 1064 1060
1065 1066 1067
572 1067 1066
572 1066 573
1066 1065 1068
1068 573 1066
357 36 37
674 357 37
38 674 37
694 744 112
1069 112 744
744 745 1069
1070 958 1071
957 1012 958
1011 958 1012
958 1011 1071
958 1070 960
1072 771 770
769 1072 770
848 1073 1074
589 1074 1073
1075 1073 850
850 1073 848
1073 1075 590
590 589 1073
86 1076 196
198 196 1076
588 799 589
968 1074 799
1074 589 799
799 969 968
801 969 799
1077 1078 1079
1080 1078 1081
1081 1078 1077
1082 1079 1078
1080 1082 1078
449 1083 447
485 1083 1084
1083 485 447
1085 1084 1083
1083 449 1085
1086 1087 1088
1089 1086 1088
1090 1088 1087
1089 1088 1091
1088 1090 1092
1092 1091 1088
1093 899 1094
802 1094 877
802 1022 1094
1094 899 204
204 877 1094
1093 1094 1095
1095 1094 1022
1096 1097 1098
1098 1099 1096
1100 1096 1099
1101 1097 1096
1100 1101 1096
335 619 72
72 619 1102
1103 619 620
619 1103 1102
691 1104 1105
690 691 1105
1105 1106 690
1106 1105 1030
1030 1105 1107
1107 1105 1104
1108 1065 1067
1109 1065 1108
1025 1108 1028
1067 1028 1108
1110 1109 1108
1108 1025 1110
163 622 160
166 622 163
720 1111 1112
720 1112 721
1111 720 1113
697 1113 720
1114 138 1115
956 1114 1116
1114 1115 1116
138 1114 137
1114 956 137
67 605 806
1076 86 1117
86 85 1117
1118 1119 1120
1119 1118 1121
1121 1118 984
1122 984 1118
1120 1122 1118
1123 1124 1125
1124 1126 1125
1126 1124 1127
1127 1124 1128
1123 1128 1124
1129 979 978
565 979 1129
1130 1079 1129
978 1130 1129
1129 1131 565
1129 1079 1131
1132 1133 1134
564 1134 1133
980 564 1133
1133 1135 980
1135 1133 1136
1132 1136 1133
1137 1037 932
1037 1138 932
1138 933 932
1137 932 860
932 771 860
1028 1067 572
1139 1140 775
1140 1139 1141
1140 1142 775
1143 1140 1141
1140 1143 1142
691 1019 1104
691 692 1019
1144 1104 1019
1144 1019 907
498 236 235
235 238 1145
235 1145 1146
235 1146 498
1147 1148 1089
1086 1089 1148
1149 1150 1148
1147 1151 1148
1149 1148 1151
1150 1152 1148
1086 1148 1152
1033 1153 1154
1033 1154 747
732 734 1033
1153 1033 734
1155 1156 1157
474 1157 731
1156 731 1157
1157 474 476
476 1155 1157
1086 1158 1087
1087 1158 1159
1160 1090 1087
1087 1159 894
894 1160 1087
1161 1162 1163
1164 1163 1162
1163 1164 539
1161 1163 712
549 1163 539
1163 549 712
1165 715 400
400 402 1165
1166 1167 1168
1169 1168 1167
1170 1171 1168
1168 1169 1170
1168 1172 1166
1172 1168 1171
1173 1120 1119
1119 1006 1173
1121 1006 1119
126 399 159
1081 1077 1174
1175 1174 1077
1077 1079 1176
1175 1077 1176
629 1177 1178
1178 1179 1180
1178 1177 1181
1181 1179 1178
629 1178 494
494 1178 1180
682 1182 1183
1182 1184 1183
1184 1182 1185
1182 682 1185
1186 201 423
202 201 1187
1188 201 1186
1188 1187 201
586 1189 587
1190 587 1189
1190 1189 516
516 1189 1191
1192 1189 586
1192 1191 1189
1193 1194 1195
1193 1195 1196
1196 1195 1197
1194 1174 1195
1197 1195 1174
1198 1199 1200
1198 1200 1201
1201 1200 1202
1203 1202 1200
1199 1204 1200
1203 1200 1204
1205 1206 1207
1207 1208 1209
1208 1207 1206
1207 844 1205
844 1207 1210
1209 1210 1207
110 112 1069
1211 110 1069
110 1211 471
994 996 1212
1213 1212 1214
1213 994 1212
1212 996 831
1214 1212 831
966 1215 965
1216 964 965
965 1215 1216
1004 1003 1217
1217 1218 1170
1170 1004 1217
1219 1217 1003
1218 1217 1219
584 1220 1221
584 1222 1220
1222 1223 1220
1224 1220 1223
1220 1224 1225
1221 1220 1225
425 1226 1227
425 428 1226
1226 428 1228
1227 1226 1229
1226 1228 1229
1230 925 1231
786 1230 1231
1232 786 1231
1231 925 1232
213 665 214
218 214 843
50 136 1233
1233 1234 50
52 50 1234
1235 1236 1237
1237 1238 1235
1238 1239 1235
1235 1239 1240
1235 1240 1236
698 924 699
924 698 703
1241 920 1242
1241 1243 920
921 920 1243
1242 920 1244
923 1244 920
639 980 1135
639 1135 640
513 640 1135
1135 1136 513
1245 1246 1247
1248 1246 364
1249 364 1246
1246 1245 1249
1246 1248 1250
1247 1246 1250
998 953 1251
998 1192 1075
1251 1192 998
999 998 1075
1227 1252 1253
1229 1252 1227
1227 1253 1254
1227 1254 425
914 1255 1256
1257 915 914
1255 914 917
914 1258 1257
1256 1258 914
390 172 171
251 390 171
358 357 1259
23 1259 357
357 32 23
32 357 674
1010 1260 1261
1260 349 1261
349 1260 308
306 308 1260
1014 306 1260
1260 1010 1014
1262 997 1263
849 1262 1263
849 1264 1262
1262 1264 1265
1265 832 1262
1262 832 997
1266 1267 1268
1267 1269 1268
1270 1267 1266
257 1269 1267
1267 1270 257
452 1271 453
719 452 340
1272 1271 452
719 1272 452
1273 1274 1275
1273 1276 1274
1273 1027 1276
1027 1273 1025
1273 1110 1025
1275 1110 1273
182 1277 633
633 1277 644
633 555 182
1278 1147 1089
1147 1279 1151
1279 1147 841
1147 1278 841
1280 1281 1282
1280 470 469
1282 470 1280
469 1021 1280
1281 1280 1021
1283 1284 1098
1285 1098 1284
1284 1283 1238
1238 1285 1284
29 277 26
277 29 28
1286 1100 1287
1286 1287 1288
1288 1289 1286
1286 1289 1101
1286 1101 1100
1290 1171 1218
1218 1171 1170
1218 1219 1290
1291 1245 1292
1245 1293 1292
1291 1292 1294
1293 1204 1292
1292 1204 1294
918 1295 1296
918 1297 1295
1296 1295 1282
470 1282 1295
1295 1297 470
1298 953 994
1298 949 953
1213 1298 994
1298 1213 949
417 149 569
275 274 620
275 807 92
58 107 60
107 58 108
151 982 1299
982 151 153
982 983 1299
153 1054 982
1300 1301 1302
706 1302 1301
1303 706 1301
1303 1301 1304
1304 1301 1300
526 302 303
302 526 380
526 303 304
530 526 304
349 345 154
904 23 24
23 904 1259
1305 836 319
837 836 1305
319 751 1305
751 1306 1305
1307 1305 1306
1305 1307 837
1043 347 348
1043 1042 347
1043 348 1308
1035 1043 1308
1309 1310 1311
1312 1311 1310
1312 1313 1311
1311 1313 1314
1309 1311 1203
1203 1311 1314
785 1161 1315
785 1162 1161
1161 713 1315
713 1161 712
1309 1316 1310
1293 1316 1309
1204 1309 1203
1204 1293 1309
361 781 360
781 1317 360
1317 781 1318
781 780 1318
361 782 781
1319 1320 1321
939 1321 1320
937 939 1320
937 1320 1322
1323 1320 1319
1323 1324 1320
1324 1322 1320
672 582 581
379 378 546
546 531 379
379 531 528
1141 1325 1005
1325 1141 1139
1007 1005 1325
1139 1326 1325
1326 1007 1325
924 704 699
115 1327 117
115 159 1327
159 115 126
848 1074 293
293 846 848
100 101 1328
534 100 1328
534 1328 464
1328 101 1329
1328 1329 464
721 1112 722
391 206 563
1125 1330 1123
1331 1330 989
989 1330 1125
875 1330 1331
1330 875 1123
1167 1166 1332
1167 1333 1169
1333 1167 1143
1332 1143 1167
828 1334 532
859 532 1334
859 1334 1137
828 1037 1334
1137 1334 1037
1158 1086 1152
1335 688 738
688 1335 652
575 738 688
1336 574 1337
1337 740 1336
322 321 1337
322 1337 574
1338 1337 321
740 1337 1338
1206 1339 1208
1339 1206 1340
1341 1339 1340
1342 1208 1339
1339 1341 1342
904 1343 1153
1153 1259 904
1154 1153 1343
734 1259 1153
1187 1344 1345
1344 1187 1346
1347 1187 1188
1347 1346 1187
1187 1345 901
901 202 1187
1277 182 1348
1349 1277 1348
1277 1349 644
954 956 1350
1351 957 954
1350 1351 954
1221 585 584
585 1221 800
1352 236 793
1353 236 1352
222 236 1353
1327 360 1317
1327 1317 1244
159 360 1327
923 1327 1244
923 117 1327
1354 1355 1224
1354 1224 1356
1357 1354 1356
1354 1357 1202
1355 1354 1202
1358 717 1359
1358 1359 845
845 1018 1358
459 1358 1018
717 1358 459
112 976 694
976 273 694
128 930 931
930 128 131
129 128 1360
128 931 1360
21 22 1361
1362 1361 1363
1361 1362 21
1361 1364 1365
1364 1361 22
1366 1361 1365
1363 1361 1366
477 614 314
1367 477 315
314 315 477
476 477 1367
614 1368 314
614 616 1368
429 1369 1370
1369 1371 1370
429 430 1369
430 1371 1369
1372 265 503
265 1372 264
503 1373 1372
1372 211 264
1372 1373 211
1333 1005 1004
1005 1333 1141
506 501 1374
265 501 503
1374 501 265
964 796 795
756 796 1216
1216 796 964
139 324 1027
1027 138 139
138 1027 1029
1276 1027 186
324 186 1027
1359 1375 1205
1205 1375 1206
1359 1205 845
1205 844 845
1376 1106 1377
1376 1378 1106
1106 1378 690
1106 1030 1377
1379 871 870
871 1380 873
871 1379 341
1380 871 341
1381 1241 1242
1243 1241 1381
1259 734 358
362 358 736
736 358 734
417 822 149
1382 299 1383
299 1384 1383
1341 1382 1383
1384 1342 1383
1341 1383 1342
1254 1385 1386
1254 1253 1385
1385 1253 1387
1387 1386 1385
1275 1274 1388
1275 1388 1389
1275 1389 1110
882 453 1271
880 882 1271
1272 880 1271
1208 906 1209
1373 1209 906
1209 1373 1210
1340 1206 1390
1206 1375 1390
1391 1392 1393
1392 1391 1394
1391 1393 1034
1391 1034 1394
1242 1395 1381
1395 1396 1381
1396 1243 1381
697 1397 1113
197 1397 697
1398 1399 1278
1278 1089 1398
1398 1400 1399
1091 1398 1089
1398 1091 1400
72 1102 70
70 804 808
70 808 607
804 70 1401
1102 1401 70
900 671 670
671 900 672
249 248 458
248 493 1402
248 1402 458
1403 1132 1134
1134 564 626
1403 1134 626
482 481 1404
1404 797 482
1405 797 1404
1404 481 1406
1405 1404 1406
853 488 95
451 488 853
1407 1016 312
1016 313 312
1368 1407 312
314 1368 312
481 208 1408
1408 1406 481
1386 1409 1179
1410 1409 1411
1179 1409 1410
1387 1409 1386
1387 1411 1409
645 741 1412
1413 1412 741
647 645 1412
1412 667 647
1412 1413 667
1414 839 841
842 839 1415
839 1416 1415
839 1414 1416
882 1417 453
1417 1380 453
453 1380 341
766 1307 768
1307 766 1418
933 1418 766
732 299 1382
1382 1341 735
735 732 1382
1419 1420 1421
1422 1421 1420
1185 1423 1420
1185 1420 1419
1420 1423 1064
1422 1420 1064
1191 1251 952
952 520 1191
952 951 520
1251 953 952
1424 892 1159
1424 1159 1425
1426 1424 1425
1426 1427 1424
892 1424 893
893 1424 1427
1428 255 1429
255 1428 256
257 1429 255
1430 1431 902
1431 1430 1364
1431 1373 902
1431 211 1373
211 1431 1364
1384 1154 1343
1343 1342 1384
904 1342 1343
1236 1432 1433
1193 1432 1255
1432 1236 1256
1256 1255 1432
1432 1193 1196
1432 1196 1433
167 169 259
1120 1173 1434
1173 1006 1000
1435 1434 1173
1173 1000 1435
584 587 1222
1050 1436 1437
1436 1050 1052
630 491 1050
630 1050 430
1437 430 1050
1438 1190 515
1376 1438 1378
1438 1376 1190
515 690 1438
1378 1438 690
851 94 161
851 161 604
636 851 604
288 336 287
287 407 793
1439 1440 1441
1442 1440 1439
1441 1440 1443
1444 1440 813
813 1440 1442
1445 1443 1440
1440 1444 1445
1446 1111 1113
1111 1447 1112
1447 1111 1446
1274 472 1388
1276 1448 1274
472 1274 1448
1449 1450 1419
1427 1184 1450
1450 1449 1451
1451 1427 1450
1185 1450 1184
1185 1419 1450
1452 361 1453
1453 1454 1452
1453 361 1455
1456 1453 1455
1454 1453 1456
1434 1070 1120
1071 1120 1070
1120 1071 1122
1166 1457 1458
1458 1332 1166
1457 1166 1172
346 155 154
346 347 1042
155 346 328
1042 328 346
1459 1149 1151
1149 1460 1150
1460 1149 1459
428 429 1228
1228 1461 1300
1228 429 1370
1228 1370 1461
1228 1300 1229
1462 1428 1463
753 1428 1462
1428 753 256
1463 1428 1324
1324 1428 1429
1464 1465 1466
1465 1142 1466
1467 1465 1464
1467 1142 1465
1468 254 1469
1468 1068 1065
1068 1468 1469
1468 1065 1269
254 1468 1269
625 1470 1471
1113 1471 1470
1113 1470 26
28 26 1470
1472 28 1470
1472 1470 625
1371 1437 1436
1437 1371 430
389 600 1016
1008 1010 1299
1008 1299 983
1299 1261 151
1261 1299 1010
1410 1411 1473
1473 1411 1272
1387 1272 1411
1171 1474 1475
1475 1474 131
1172 1475 131
1171 1475 1172
1476 1341 1340
1390 1476 1340
1455 1476 1390
735 1476 1455
1341 1476 735
624 1477 1049
485 1049 1477
485 1477 487
1477 624 487
1478 769 768
769 1478 1479
768 1306 1478
1479 1478 1463
1478 1306 1462
1478 1462 1463
1480 1016 1407
1480 1407 176
1368 1481 1407
176 1407 1481
1482 1331 1483
1331 989 1483
1483 989 1484
1485 1483 1484
1483 1485 1482
809 1486 810
1444 810 1487
810 1486 597
1487 810 597
1444 813 810
675 1488 676
679 1489 675
1490 1488 675
675 1489 1490
1296 1491 1492
1493 1491 1296
918 1296 1492
1296 1282 1493
242 240 595
775 777 1139
1139 777 1326
1494 1495 1496
1126 1495 1494
1126 1494 990
1494 1496 990
1374 266 1497
266 600 1497
600 1374 1497
586 590 1192
915 1257 1498
1257 1258 1498
1499 653 1500
1501 1499 1500
1499 1501 1502
655 653 1499
1502 655 1499
1503 1491 1493
1491 1503 1504
1213 1504 1503
1503 1493 1213
1215 966 1505
1215 1505 1216
849 846 1506
1506 1264 849
1506 846 295
465 1506 295
465 1264 1506
1126 990 1125
989 1125 990
652 1022 653
1022 1500 653
1384 299 296
747 1154 296
296 1154 1384
750 747 296
298 750 296
819 16 17
819 264 16
211 16 264
1234 885 52
1007 885 1234
1007 1326 885
885 1326 887
1507 1482 1508
1509 1507 1508
1508 1510 1509
1510 1508 1485
1508 1482 1485
1511 1512 1332
1512 1511 1466
1142 1512 1466
1512 1142 1143
1143 1332 1512
993 992 1115
992 1513 1115
1513 992 656
773 775 745
745 775 1069
1069 775 1467
1467 775 1142
1190 516 515
91 703 1076
1076 85 91
703 91 92
702 1076 703
198 1076 702
702 701 198
395 394 244
394 393 1443
394 1443 244
1017 1514 63
1017 801 1514
969 801 1017
969 1017 294
520 951 519
518 519 692
1021 519 951
519 1021 692
950 1281 951
1281 950 1493
1493 1282 1281
951 1281 1021
1515 1516 874
1515 874 1417
873 1417 874
874 1516 875
1517 1518 1519
1316 1518 1517
1518 1250 1519
1316 1250 1518
1520 1521 1517
1517 1521 1316
1519 559 1517
559 1520 1517
1480 176 174
174 170 172
1480 174 172
75 76 976
391 1522 393
566 1522 391
1523 978 980
978 1523 1130
805 804 764
805 764 923
942 1524 1525
1526 1524 1527
1524 945 1527
945 1524 942
1082 1524 1526
1524 1082 1525
1059 1058 1528
1061 1059 1529
1144 1529 1059
1528 1144 1059
611 1423 1530
1423 1185 1530
611 613 1423
613 1064 1423
1514 1531 63
1531 1313 1532
792 63 1531
1531 1532 792
1313 1531 1533
1514 1533 1531
1534 1388 471
1535 1534 471
471 1388 472
471 1211 1535
727 731 1156
728 727 1536
1156 1536 727
1537 1538 1449
658 1538 663
1537 663 1538
1451 1538 658
1451 1449 1538
1539 870 872
1379 870 1539
899 1188 1186
1186 423 424
1186 424 899
1534 1268 1389
1268 1534 1266
1269 1109 1268
1268 1110 1389
1110 1268 1109
1422 1540 1421
1063 1540 1422
1063 1422 1064
880 1272 1387
880 1387 878
1541 1028 572
993 1028 1541
1541 577 993
572 577 1541
819 316 262
264 819 262
266 262 316
1542 1543 1544
1545 1542 1544
1544 1546 1545
1546 1544 514
1544 1543 514
1190 1376 587
542 543 1116
221 542 219
1513 219 542
1513 542 1116
360 159 36
1509 1510 1547
1547 1510 1548
1547 1329 1509
1548 1329 1547
1549 1550 1551
1549 1551 1526
1131 1551 1550
1551 1131 1082
1551 1082 1526
660 511 1552
660 509 511
661 660 1552
509 660 662
1389 1388 1534
1553 1310 1521
1553 1312 1310
1310 1316 1521
100 895 401
532 859 895
895 534 532
895 100 534
1302 1229 1300
1461 1416 1300
1416 1304 1300
1099 1285 1433
1098 1285 1099
1433 1196 1099
1099 1196 1197
1100 1099 1197
1002 1234 1435
1002 1435 1000
1234 1002 1007
24 342 1430
342 343 1554
342 1365 1430
1554 1365 342
741 740 1413
741 645 743
701 704 198
715 1165 717
1158 1555 1159
1555 1158 1152
1272 719 934
886 53 52
150 149 821
1392 150 1556
821 1556 150
1392 109 150
899 1536 1188
1536 899 1093
574 1336 575
738 575 1336
1336 742 738
1336 740 742
1194 1193 1557
1080 1194 1557
1194 1080 1081
1174 1194 1081
894 1159 892
838 837 1418
1418 837 1307
634 1558 1559
1559 1558 1113
1321 1559 1113
1559 1321 939
939 634 1559
797 1560 795
1560 967 795
795 967 964
1222 587 1376
1344 1561 1345
1346 1561 1344
225 351 413
351 225 226
1562 1537 1449
1562 1563 1537
1537 1563 663
812 1564 809
1564 1565 809
1504 1486 809
809 1565 1504
217 414 216
167 1053 492
259 1053 167
1487 1445 1444
208 188 1408
209 188 208
1263 997 999
850 849 1263
1263 999 850
1566 731 730
728 737 730
737 1566 730
1567 963 1253
1253 1252 1567
1252 966 1567
963 1567 966
563 626 564
1528 1058 613
1058 1064 613
785 788 1162
788 1164 1162
1321 1568 1319
1319 1568 1323
1155 1188 1536
1156 1155 1536
1367 59 1155
1155 59 60
60 527 1155
1155 1347 1188
1155 527 1347
1367 1155 476
1569 1570 1571
1571 1570 1572
1570 1573 1572
1569 1574 1570
1570 1574 1573
1150 1575 974
974 1575 1574
1460 1575 1150
1576 1574 1575
1575 1460 1576
299 749 298
750 298 749
910 909 1577
910 1578 1032
910 1577 1579
910 1579 1578
1004 1169 1333
1169 1004 1170
1502 1501 1580
1580 655 1502
963 962 1581
962 967 1515
1515 883 962
1581 962 883
1481 616 353
1481 1368 616
1061 1582 1062
1583 1582 1061
1583 1061 1584
1529 1584 1061
1552 1585 891
661 1552 891
514 1552 511
1552 514 1585
1433 1237 1236
1285 1237 1433
997 832 996
996 832 831
1555 1425 1159
1586 1535 1211
1534 1535 1266
1535 1586 1266
1439 1527 945
1526 1527 1441
1527 1439 1441
1587 1573 1588
1588 1589 1590
1588 1590 1587
1588 1591 1589
1573 1576 1588
1591 1588 1576
1044 760 1045
760 762 1045
760 1592 758
1044 1592 760
1123 875 1593
1128 1123 1593
1590 1594 1595
368 1596 1595
1594 368 1595
1597 1595 1596
1595 1597 1590
65 63 792
1293 1245 1247
1247 1316 1293
1316 1247 1250
1180 1179 1410
1179 1181 1254
1179 1254 1386
1052 1519 1598
1599 1600 1598
1598 1600 1052
1599 1598 1250
1519 1250 1598
1514 801 1601
1514 1601 1533
1533 1601 1602
1603 1601 801
1601 1603 1602
59 1367 822
822 1367 315
776 773 472
776 472 1448
777 776 1448
1097 1563 1098
1563 1097 663
1101 663 1097
1492 1491 1565
918 1492 919
919 1492 1565
687 48 47
674 687 32
1041 32 687
1604 1040 687
687 47 1604
1519 1052 559
1511 1605 1606
1605 1511 1458
1458 450 1605
1605 450 1607
1607 1606 1605
1269 1065 1109
919 943 942
947 943 919
1047 1049 485
485 1084 1047
1084 1608 1047
1608 1048 1047
933 838 1418
1332 1458 1511
925 1230 926
1057 761 926
1057 926 1609
1609 926 1230
1171 1290 1474
449 1458 1457
1457 1085 449
1085 1457 1172
1610 1611 1355
1202 1314 1610
1202 1610 1355
1314 1533 1610
1610 1533 1611
756 1216 709
757 756 709
307 306 1014
1612 1471 1558
1558 634 1612
1471 1612 1613
1613 1612 1614
1612 634 1614
1256 1236 1240
1446 723 722
26 723 1446
92 723 26
1474 1290 930
131 1474 930
1615 1177 629
629 630 1615
1251 1191 1192
17 821 819
1616 821 17
1616 1556 821
498 1146 543
543 500 498
1613 95 625
1471 1613 625
625 624 1472
1617 1618 1616
540 1619 1618
1556 1618 1619
1616 1618 1556
540 1618 541
550 541 1618
1618 1617 550
666 215 1023
215 666 213
215 216 1023
1278 1399 841
841 1399 1414
1416 1414 1399
1399 1304 1416
1399 1400 1304
259 558 1053
1075 850 999
1075 1192 590
516 1191 520
971 973 1620
1620 1621 685
1622 1621 1620
1620 973 818
1620 818 1622
971 1620 686
686 1620 685
1048 130 132
130 1048 1608
1608 131 130
779 897 856
856 780 779
1623 897 779
779 1452 1623
779 782 1452
1031 1377 1030
1377 1031 1223
1376 1377 1223
1214 830 1486
1486 1504 1214
597 1486 830
1466 1606 1464
1606 1466 1511
854 1464 1606
1606 1607 854
1539 1331 1482
872 1331 1539
875 1331 872
1095 652 1335
1095 1335 738
1488 1548 676
676 1548 1624
1624 678 676
1306 768 1307
1625 1008 983
1625 1011 1008
233 930 1290
1029 1115 138
154 151 1261
260 789 1626
260 1626 1553
1553 1520 260
1520 261 260
1455 361 362
361 1452 782
1627 1291 1628
1627 1628 1629
1249 1291 1627
1597 1249 1627
1597 1627 1629
574 573 322
1068 1630 573
1630 322 573
912 1631 909
1631 1632 909
909 1632 1577
731 1566 474
1566 743 474
1561 1633 1345
1633 901 1345
1504 1565 1491
1634 1390 1375
717 1634 1375
1456 1390 1634
717 1456 1634
1635 319 836
319 1635 321
318 751 319
1501 1500 1022
1636 1589 1591
1590 1589 1594
1594 1589 1636
1561 349 1633
1308 349 1561
1561 1346 1308
1462 751 753
1239 1583 439
1239 439 436
1584 439 1583
908 439 1584
908 440 439
1568 924 921
1243 1568 921
1472 624 1049
1532 1553 1626
789 792 1626
792 1532 1626
1152 972 1555
972 1152 1150
1150 974 972
686 1555 972
972 971 686
491 492 1053
963 1637 1253
1637 963 1581
503 505 1210
1210 1373 503
1074 968 293
1632 1579 1577
1034 1393 1619
1393 1556 1619
1556 1393 1392
92 924 703
1522 1550 1549
1522 1549 1638
1522 1638 393
1639 1550 1522
566 1639 1522
320 1640 318
754 318 1640
1631 1641 1569
973 1574 1569
973 1569 1641
1632 1631 1569
1632 1569 1571
705 1302 706
1302 705 1229
1090 889 1585
1090 1585 1642
891 1585 889
1543 1642 1585
1585 514 1543
1643 1489 679
1643 1490 1489
71 334 72
657 1644 658
893 1644 657
1427 1644 893
1451 658 1644
1644 1427 1451
242 1495 1645
1645 243 242
1495 192 1645
192 243 1645
1294 1199 1198
1294 1204 1199
28 1045 762
1049 1045 1472
1045 28 1472
245 596 239
596 245 1487
596 1487 597
1104 1144 1107
1490 1646 1488
464 1646 465
465 1646 1490
1646 1329 1488
1329 1646 464
1315 783 785
783 1315 1647
1648 1647 1315
1648 1315 713
1003 1006 1219
1333 1143 1141
902 24 1430
295 846 293
1579 1571 1572
1632 1571 1579
60 107 527
527 107 109
889 1090 1160
894 889 1160
153 156 1054
1210 505 844
1395 1242 1244
1244 1649 1395
1650 1395 1649
1395 1650 1396
450 1458 449
1651 1592 1044
132 1651 1044
1044 1048 132
938 1586 1652
1652 855 938
855 636 938
1586 938 937
636 940 938
1435 960 1434
1434 960 1070
349 154 1261
527 529 1347
529 1346 1347
529 1308 1346
1308 529 530
1562 1449 1419
764 804 1604
1401 1604 804
1426 1184 1427
959 1233 136
136 137 959
1578 1653 1654
1653 1578 1572
1579 1572 1578
1578 1654 1655
1578 1655 1032
1656 787 786
129 1657 1656
1656 1657 787
786 1232 1656
1651 1656 1232
1651 132 1656
1656 132 129
1658 1396 1659
1568 1396 1658
1323 1568 1658
1323 1658 1324
1659 1324 1658
251 250 941
1283 1098 1563
1563 1562 1283
1283 1660 1238
1562 1540 1283
1283 1540 1660
854 1652 1464
1467 1464 1652
1548 1488 1329
253 1469 254
1469 1630 1068
1469 253 1630
1413 1635 668
836 668 1635
1635 1413 1338
1338 321 1635
983 984 1625
678 1624 1484
1484 681 678
828 1038 1037
828 414 1038
1661 1400 1642
1661 1642 1543
1661 1543 1542
1542 1303 1661
1661 1304 1400
1661 1303 1304
112 79 73
1255 1557 1193
53 886 186
186 886 1276
886 1448 1276
1448 886 888
47 764 1604
814 864 12
1523 639 638
980 639 1523
1269 257 254
1662 1349 325
644 1349 1662
1662 325 644
313 1016 600
600 266 313
425 1177 426
1181 1177 425
425 1254 1181
1042 538 329
329 328 1042
538 331 329
1290 1219 233
233 1219 234
1536 1093 728
1095 728 1093
728 1095 737
1151 1636 1459
1594 1636 1151
1591 1460 1636
1460 1459 1636
1663 1664 1496
1496 1664 988
1496 988 990
1495 1665 1496
1496 1665 1663
1447 1446 722
722 1112 1447
1456 1165 1454
1165 1456 717
402 1454 1165
1560 797 1405
1211 1652 1586
1652 1211 1467
1652 854 855
77 81 76
76 81 1666
976 76 273
273 76 1666
1647 1230 783
1230 786 783
95 94 853
758 1232 925
1289 641 1667
641 1289 1288
1101 1289 662
1289 512 662
512 1289 1667
85 1076 1117
906 1208 1342
1539 1507 1379
1507 102 1379
102 341 1379
1040 1668 823
1604 1668 1040
1525 1557 942
1557 1255 917
917 942 1557
1080 1557 1525
1439 945 1669
1442 1439 1669
1649 1244 1317
1318 1649 1317
1318 1650 1649
857 856 897
1397 197 198
1539 1482 1507
1233 1435 1234
960 1435 1233
1233 959 960
1637 1581 881
1387 881 878
1387 1637 881
1581 883 881
426 1177 1615
182 184 1348
1303 1542 706
1542 1545 706
1545 708 706
1643 1265 1264
1265 1643 679
679 832 1265
1062 1582 1660
1062 1660 1063
1403 1670 1132
1670 1136 1132
1223 1222 1376
1238 1237 1285
1176 1130 1523
1176 1523 638
599 598 506
845 506 598
959 137 956
1350 956 1116
506 1374 599
266 1374 265
1374 600 599
21 1362 17
1671 888 887
1671 1326 777
1671 887 1326
1671 1448 888
1671 777 1448
1663 597 830
597 1663 1665
1663 833 1664
830 833 1663
1651 1232 1592
1617 1616 17
1617 17 1362
1672 709 708
709 1672 1670
1672 1545 1670
708 1545 1672
1505 1229 705
1505 705 709
1583 1239 1660
1582 1583 1660
680 832 679
833 680 681
1183 1425 1555
1184 1426 1425
1184 1425 1183
942 917 919
1639 1131 1550
1349 1348 1673
1674 185 1673
1674 1673 1348
325 1673 185
1673 325 1349
668 667 1413
1338 1413 740
1675 1041 825
825 1676 1675
1676 825 826
907 908 1529
1529 1144 907
1593 1516 1677
1515 967 1516
1516 967 1677
1516 1593 875
188 190 1408
1406 1408 190
1145 238 655
1580 309 1145
1580 1145 655
1145 309 310
1146 1145 310
156 1055 1054
1507 1509 102
101 102 1509
1509 1329 101
787 1657 1678
156 1678 1657
1678 156 331
1678 331 788
788 787 1678
912 816 1641
1641 816 818
941 1018 251
1018 941 459
1679 367 1680
1679 1680 1371
1600 1599 1679
1600 1679 1436
1371 1436 1679
1599 366 1679
367 1679 366
1460 1591 1681
1681 1591 1576
1576 1460 1681
81 273 1666
1291 1249 1245
1628 1291 1294
686 1183 1555
1641 1631 912
1012 957 1013
957 1351 1013
670 1022 900
582 672 900
353 352 1481
817 612 1622
9 817 12
818 817 1622
9 1682 817
1682 612 817
1238 1660 1239
1239 436 1240
950 949 1493
1674 1348 184
934 1683 1473
458 1683 934
1402 1473 1683
1683 458 1402
1520 1553 1521
1312 1553 1532
1221 1603 800
1225 1603 1221
906 902 1373
1623 1452 1454
1082 1080 1525
1403 757 1670
1670 757 709
1136 1670 1545
973 1641 818
469 466 1021
647 667 666
1665 242 595
1665 595 597
436 438 1498
1498 438 1297
438 470 1297
440 470 438
172 1016 1480
1504 1213 1214
830 1214 831
26 1446 1113
1558 1471 1113
1397 1321 1113
1250 1248 1599
366 1599 1248
1151 1279 1594
532 462 828
538 539 1164
539 541 549
1103 1401 1102
1573 1587 1653
1573 1653 1572
1653 1587 1628
1628 1654 1653
253 256 754
754 1630 253
1684 1107 1528
1144 1528 1107
1528 1682 1684
1528 613 1682
1430 1365 1364
1288 1175 638
1288 1174 1175
1176 638 1175
3 1614 634
634 939 940
636 634 940
1640 320 1630
1630 754 1640
873 1380 1417
1197 1287 1100
1287 1197 1174
1287 1174 1288
1232 758 1592
558 559 1052
1115 1029 993
1115 1513 1116
1057 1103 620
1057 620 274
1637 1387 1253
1549 1526 1638
1526 1441 1638
1443 1638 1441
393 1638 1443
1615 630 430
426 1615 430
1498 1240 436
1213 1493 949
1198 1654 1294
1198 1655 1654
1198 1201 1655
827 1668 1103
1668 827 823
1668 1604 1401
1401 1103 1668
548 1363 710
1363 548 1362
710 1363 714
714 1363 1366
322 1630 320
1122 1071 1011
1564 812 1442
1442 812 813
1574 1576 1573
543 1350 1116
1350 543 1351
1146 1351 543
682 1183 686
984 234 1121
1006 1121 1219
1121 234 1219
1342 904 905
1685 1686 528
304 1686 530
1686 304 528
1686 1035 530
1686 1685 1035
1248 364 366
1454 402 1623
937 1266 1586
877 446 803
413 1023 216
401 897 402
1685 528 1394
109 1394 528
528 527 109
1628 1587 1629
1587 1590 1629
1256 1240 1258
877 803 802
773 745 272
272 745 273
611 1622 612
1621 611 1530
1622 611 1621
1495 242 1665
1126 192 1495
780 856 861
1584 1529 908
1249 365 364
365 1249 1596
365 1596 368
1419 1421 1562
769 1479 1659
1072 769 1650
1650 769 1659
413 351 356
368 1680 367
1623 402 897
349 1308 348
1312 1532 1313
1313 1533 1314
1362 550 1617
1355 1611 1602
1602 1225 1355
1602 1611 1533
1602 1603 1225
1400 1091 1642
1364 22 211
331 538 1164
139 325 324
327 186 324
738 737 1095
1562 1421 1540
1625 984 1122
95 1614 3
1675 1554 343
1554 1675 1676
1676 1366 1554
1365 1554 1366
1396 1568 1243
451 1607 450
1619 540 1034
1682 613 612
1052 1600 1436
861 860 771
771 1072 861
1642 1092 1090
1297 915 1498
915 1297 918
638 641 1288
1654 1628 1294
1041 343 32
1270 1322 1429
1429 257 1270
1324 1429 1322
946 1669 945
1669 946 947
1560 1405 1677
1560 1677 967
1677 1128 1593
1128 1677 1405
1565 1564 919
947 919 1564
1442 947 1564
1126 1127 190
1126 190 192
1406 190 1127
1540 1063 1660
860 859 1137
1481 352 176
177 176 352
1455 362 735
735 362 736
773 272 472
1180 1410 1473
54 325 139
1264 465 1643
1530 684 1621
684 1530 1185
764 117 923
979 565 564
495 1402 493
670 901 1022
1461 1370 1415
1461 1415 1416
185 1674 184
327 185 186
1590 1597 1629
866 1030 1107
1684 866 1107
866 1684 9
1240 1498 1258
1229 966 1252
652 1095 1022
1682 9 1684
1092 1642 1091
395 244 243
245 244 1443
1501 309 1580
309 1501 308
191 210 395
395 243 191
192 191 243
1185 682 684
1057 762 761
1463 1324 1479
1324 1659 1479
226 352 351
684 685 1621
737 743 1566
1370 1371 1680
1680 1415 1370
1501 1022 1633
308 1501 1633
947 1442 1669
1306 751 1462
92 26 277
986 1484 989
1131 566 565
1279 1687 1594
1279 841 1687
1314 1202 1203
219 1513 238
222 219 238
495 494 1180
1180 1473 1402
1180 1402 495
883 1515 1417
1624 1548 1510
238 656 655
714 1648 713
1122 1011 1625
310 307 1013
1394 109 1392
966 1229 1505
198 924 1397
924 1568 1397
1568 1321 1397
339 272 80
272 339 472
1128 1405 1406
1546 513 1136
1545 1546 1136
1546 514 513
931 1055 1360
1609 1103 1057
1103 1609 827
1643 465 1490
1079 1082 1131
1130 1176 1079
1473 1272 934
1647 826 1609
826 1647 1648
1609 826 827
1676 826 1648
1035 1685 1394
1394 1034 1035
986 988 681
681 988 1664
662 512 509
1128 1406 1127
559 261 1520
1687 841 842
801 800 1603
1084 1085 1608
1069 1467 1211
1356 1224 1223
1225 1224 1355
1390 1456 1455
780 861 1318
1650 1659 1396
1680 842 1415
1680 368 842
1633 1022 901
343 1041 1675
1164 788 331
1318 861 1072
1650 1318 1072
882 883 1417
1657 129 1360
1624 1485 1484
986 681 1484
1037 218 1138
640 1667 641
1667 640 513
853 854 1607
451 853 1607
1664 833 681
1230 1647 1609
1687 842 368
1357 1201 1202
1655 1201 1357
1216 1505 709
1608 1172 131
1624 1510 1485
626 757 1403
1131 1639 566
161 160 460
710 712 548
1574 973 974
1028 993 1029
308 1633 349
1445 1487 245
1359 717 1375
218 933 1138
164 161 592
512 1667 513
238 1513 656
1352 407 1353
407 1352 793
1356 1031 1032
1223 1031 1356
1032 1357 1356
222 407 221
1597 1596 1249
549 548 712
550 1362 548
1351 1146 310
1055 1657 1360
906 1342 905
663 1101 662
1657 1055 156
1032 1655 1357
1648 714 1676
310 1013 1351
1594 1687 368
530 1035 1308
592 165 164
165 592 593
1443 1445 245
1614 95 1613
593 166 165
407 222 1353
1266 937 1270
1085 1172 1608
1366 1676 714
1270 937 1322
