211.3068 -12.7824  8.1497
184.3101 180.2078 77.6196
225.3121  9.5141 69.9561
188.1207 123.2900 142.9638
321.3074 -40.7777 90.9355
207.4436 43.4920 181.2658
301.0970 -21.3462 190.0100
283.3150 42.9654 306.2331
388.0788 32.8560 181.7306
407.0014 52.6584 193.6101
285.7384 13.7822 282.5870
301.6526 -28.7238 194.6415
196.4526 38.6478 194.8336
252.9433 128.8275 299.6999
193.7113 118.3072 242.2978
367.2468 113.2341 296.2774
190.5143 123.6280 151.8046
195.0027 52.6313 86.7853
411.3287 116.7366 152.0288
395.7749 51.1699 135.7896
409.7113 57.0776 83.0670
204.5865 52.3197 138.2673
302.2279 -53.8154 92.8189
296.1973 240.0759 276.3418
351.5541 250.5266 66.3394
419.6944 174.1581 76.9855
415.8369 121.6728 130.5899
382.5013 -17.3951 12.2175
403.6166 125.0295 235.9667
393.6594 236.9606 93.9226
313.6757 235.9722 267.7582
399.6131 126.1523 262.4635
197.3627 111.0144 259.9265
237.9269 249.1960 81.4882
294.5393 -58.4066 23.9579
