402.5032 101.8225 226.6532
402.7061 113.7505 224.4648
402.5211 125.2611 225.0652
403.8005 134.9221 217.3719
272.9604 -23.1506 105.2984
275.8695 -26.9754 110.0123
278.7034 -25.0443 106.4049
270.4343 -23.1518 111.9152
275.7427 -23.7737 99.4631
270.4192 -19.4068 99.9603
264.8512 -19.9666 103.9745
372.6712 10.1916 201.7481
377.2114 11.4058 196.5038
373.2972  6.6934 194.6653
371.3024 13.1606 191.3589
378.7725 13.1687 194.0956
384.4430 23.4581 201.1222
205.4916 83.7473 188.4482
202.1959 77.8278 188.9553
205.6709 75.9060 185.4556
202.8908 80.4899 195.0451
198.2134 78.2415 191.6152
289.4262 -17.2843 192.0014
292.3419 -11.2709 187.5578
286.6123 -12.8926 191.2683
299.8661 -12.9088 190.2215
296.7631 -12.0801 183.9319
283.6480 -9.3403 183.8142
290.0698 -12.9938 180.9158
210.9229 50.8031 143.2927
215.3913 46.2297 140.2200
209.1410 45.7546 136.8271
208.7208 53.3118 137.4585
215.1017 49.4995 147.6085
208.2951 55.9980 143.4633
364.1238  2.5141 192.8518
364.7793 10.2056 191.6918
361.6012 15.7244 186.8771
372.2053 19.7522 190.6155
380.4607 21.9434 191.0335
394.6593 42.7752 190.3929
392.4359 46.4254 189.4782
386.7353 38.5954 189.0090
390.0857 51.1430 185.3397
394.8408 53.7167 188.5749
397.4290 46.0173 193.3629
309.9436 -21.5912 177.3614
297.7798 -17.8239 180.5290
310.2990 -16.3432 178.7734
318.0309 -19.1937 173.4519
319.7666 -11.9665 174.6316
308.8215 -12.4207 182.1385
360.2778 -2.6922 77.0380
365.2568  2.7501 80.1829
364.7212 -0.4184 71.5093
366.0730 -0.3007 88.1326
368.8584 10.8828 84.4269
398.0818 78.2715 141.4661
405.1198 82.0929 143.1672
404.2491 86.8313 138.7911
406.9923 92.0292 133.1450
407.7097 91.4331 141.8195
399.7508 87.6003 132.0872
394.0456 36.7315 193.3762
389.3426 30.0852 191.7021
391.8526 36.4387 200.2245
369.6269 -24.5489 21.9283
373.7109 -18.3410 22.5914
374.0341 -22.2947 14.2061
367.8833 -21.4305 23.5951
372.1826 -13.3792 25.5716
380.0013 -16.0478 22.1712
377.4898 -18.7439 15.0104
202.2853 145.9321 170.0648
206.3401 137.9835 175.4470
204.2058 130.8855 171.9787
206.2199 148.1475 174.0371
197.4144 147.0877 166.8277
207.8065 52.9481 129.8912
210.0226 57.4606 135.5403
207.8587 64.3822 133.8553
395.3269 115.9809 218.6371
398.0887 123.3121 220.4571
393.9858 122.1612 214.0835
397.8057 109.2977 221.4869
398.5666 129.7625 223.2030
394.1074 130.7000 213.4396
398.9057 111.9306 226.4403
278.4123 -16.1494 192.1274
297.1496 -21.3171 192.6050
285.6862 -22.3094 195.7031
369.0000 -22.7103 11.6390
375.9694 -14.8974  9.7893
367.3963 -28.6856 18.5514
382.0056 -10.9814 29.4020
376.3818 -11.3984 30.9644
379.9108 -11.3210 36.2598
367.3148 -16.3580 41.1596
382.1231 34.9638 186.3676
380.5624 30.9028 189.0182
387.0704 23.4933 193.2160
314.9192 -9.9858 188.3476
317.3285 -14.9819 191.7528
322.2501 -9.3206 190.8703
311.0613 -13.5829 191.2512
312.7018 -10.4182 185.2482
395.1427 62.5562 187.5626
399.2641 71.7043 189.8849
393.6393 73.0727 183.4181
396.0834 76.5612 187.4559
401.6126 75.2155 190.7261
401.3252 69.7859 192.7594
400.5701 65.4702 152.5520
399.3605 62.8626 161.3101
403.7426 75.6607 149.6273
394.2053 60.2078 152.8697
395.1803 71.4314 143.0043
210.3204 62.6584 105.1356
207.0815 66.5692 108.4463
204.5906 63.5672 111.1975
208.1619 67.9987 101.8937
202.4225 75.6434 120.4697
203.3617 78.4453 117.2165
407.6011 124.9668 138.0033
409.4847 120.7923 132.8419
410.4793 119.8253 138.7177
408.1642 114.8584 137.5454
403.7201 119.3240 145.7044
386.3902 -8.7796 32.9590
387.4758 -7.5741 25.6347
398.1190 139.3947 223.9724
397.4517 133.7932 218.7497
398.6784 143.6649 217.2265
394.1096 137.1272 213.8354
399.0209 77.5225 198.2941
390.3271 43.6806 119.5779
390.5511 43.6206 133.7677
391.4652 49.3463 135.8597
382.8338 44.0434 141.3419
380.7964 37.3064 131.8872
206.0201 43.4497 76.9822
208.2222 40.8927 75.0775
207.7418 37.1981 73.6809
218.1144 36.5435 85.2091
413.5038 84.3526 92.5290
414.5944 85.8818 87.6901
410.5770 76.4461 90.3448
409.8406 68.8504 85.2010
401.5085 80.4386 97.9745
364.5229 -18.0595 63.6996
369.8403 -16.0678 60.0833
369.6613 -14.5139 61.0206
363.1385 -15.9548 65.9605
371.0487 -9.6219 62.4357
391.2075 35.1677 78.5276
391.9328 34.5187 81.2848
392.4716 33.4205 80.4689
390.5744 29.1947 78.5790
392.9430 37.1482 82.6645
421.3788 155.3893 111.2725
412.8733 170.6488 119.6487
417.1751 154.4899 117.6099
417.3114 137.4426 119.7559
410.5522 155.1345 131.2531
268.4625 -33.7245 14.3584
278.3291 -40.9648 17.9472
291.9238 -37.8658 18.0415
266.0633 -39.4287 16.7481
280.9248 -44.7985 20.9019
238.8089 243.2935 85.6058
232.7329 239.5020 84.1477
233.9754 238.5093 79.1715
249.6432 247.9494 85.6348
239.9508 241.7196 91.6317
243.4207 245.7714 80.1868
374.0436 233.0816 81.9947
379.2572 229.3348 86.5243
371.9528 234.5434 91.4945
385.5357 220.6869 96.7568
387.4930 220.5631 85.9622
360.3777 221.7876 59.6179
373.8352 208.6519 59.8685
368.9476 223.0867 60.5057
380.9775 210.8383 62.6290
367.7141 226.9857 61.6485
360.1675 229.3029 59.7778
364.4689 232.0853 64.2258
358.2468 237.0310 61.8378
367.3171 238.1061 80.5480
413.4019 76.5817 76.3001
412.9371 78.8727 67.4967
411.9742 67.9044 68.9556
416.1232 87.3511 75.0008
413.0215 90.5001 68.7810
410.9809 79.3672 61.7596
355.8550 -3.9622 78.0539
356.1965 -6.6433 73.4363
344.6120 -10.3012 85.9843
354.6272 -7.9322 88.6553
234.7610  3.0004 77.1224
224.1531 21.2927 80.0009
233.9988  4.2050 81.4355
232.2750 -0.3749 64.8122
240.6766 -2.9675 76.6997
235.5511 -2.2917 85.5966
182.2102 147.8769 91.0720
184.9064 149.1698 84.9156
184.7838 154.3537 89.9672
181.7517 155.6159 96.4321
187.0149 166.7238 90.6132
376.9298 28.6551 184.6126
379.5558 35.0843 167.2710
373.7012 26.3077 173.1412
386.8588 44.2025 181.7304
202.3816 50.5642 196.8396
207.3948 38.8810 200.7819
205.1108 40.2514 195.8729
208.0893 32.3797 193.2834
203.9698 42.9533 191.2520
280.5692 -24.8245 12.8120
271.3842 -27.8231 11.3205
280.3974 -32.0789 13.7802
294.8139 -30.6804 13.6988
406.3782 100.3896 47.3958
403.1192 113.5254 47.7788
398.9489 104.7322 43.0677
412.7436 99.4948 57.1399
403.0806 93.2796 41.0455
412.0336 83.7808 53.3552
312.0436 -19.6821 192.5790
311.2356 -20.3527 201.4547
309.4163 -22.7598 193.9227
316.2392 -21.3625 195.6972
183.5498 134.7013 97.4829
181.9355 148.7941 97.3750
183.9783 146.7388 109.7410
180.8209 136.6581 92.2964
184.1602 154.7600 111.3052
348.8784 116.1238 290.7330
342.5331 122.7100 291.6897
349.5222 128.8641 288.0466
360.0956 121.5115 283.7564
358.1963 110.1918 285.1799
341.8979 109.1000 292.3320
239.4049 -5.6172 68.9697
248.7535 -8.5255 77.1289
250.7637 -16.8008 72.3745
247.8723 -6.1902 82.3705
253.2443 -8.9705 84.3592
202.0668 151.1093 204.2930
202.5016 154.0205 186.5889
203.4683 159.1091 184.2892
205.9710 144.1435 197.5377
206.8959 148.2227 180.7453
314.1051 -23.4217 170.1501
321.8365 -19.3274 169.0070
329.2613 -11.1446 165.3334
414.7316 103.9842 73.6189
414.4424 97.2593 62.9950
413.0384 86.3192 56.5597
415.7459 112.5983 65.0803
220.8088 230.0447 101.2018
228.2417 237.9489 103.5885
219.5338 229.3280 107.2440
235.8301 240.3616 97.5198
223.2690 229.6513 95.7996
211.1496 221.2643 103.6634
286.8087 -31.3816 107.0428
287.3479 -33.5413 114.3300
181.8072 105.9720 84.7034
183.7264 110.8853 89.8965
183.4176 95.8838 92.7257
182.8121 101.7109 100.7493
184.4181 120.2521 97.7571
181.0102 124.5962 88.2454
345.7024 -3.6084 191.5652
332.4214 -7.2632 191.5651
342.2379 -12.6826 194.0536
344.6950  0.9148 190.8991
355.5158 -3.2181 192.5464
349.7770 -8.6556 198.1313
329.4110 -35.2893 80.8441
327.3632 -29.0637 86.3604
340.4410 -26.7851 76.2589
344.2104 -18.9781 76.1356
345.3499 -26.5686 71.1608
195.0811 82.0296 143.5954
199.5021 66.5515 159.4558
199.8935 65.0667 151.8310
200.7042 62.1146 158.1321
204.0201 63.6766 150.7396
196.7542 84.1604 140.7153
333.7824 239.7195 59.1794
340.9774 242.5505 60.1123
324.5772 246.1695 60.8595
319.4826 242.3551 59.0334
320.3637 248.3909 64.8102
342.6860 244.5411 64.1979
186.3625 150.8663 117.8947
183.4877 139.8414 111.8862
204.3078 143.1507 208.3579
202.3409 141.1847 216.1736
205.7465 137.2507 213.6415
201.9166 148.9989 211.7018
321.3606 -19.5224 193.6706
322.3677 -19.5523 199.0368
333.9694 -16.3929 197.3314
326.8748 -15.7493 203.4448
343.2844  7.9073 156.9550
349.3990 14.5293 157.6453
349.1257  8.6077 150.8632
336.5910 -7.7102 157.4329
347.9515  2.0212 149.2590
354.2107 16.8813 150.7215
356.3679  8.6090 144.3579
211.8854 29.7570 190.7583
215.9329 20.5993 192.6204
217.7882 30.3289 190.0218
223.4129 27.7437 187.9624
218.3944 34.2084 185.8457
210.9147 41.4923 189.2706
182.2375 100.5814 78.6517
183.5026 110.5229 75.6518
183.2171 93.9188 76.5529
185.5585 92.9680 68.5919
399.4842 69.6036 171.8328
393.9592 68.7973 178.2012
396.3519 80.4719 175.0029
400.8618 86.4369 171.8750
399.1751 66.4573 170.3417
393.0780 61.3871 173.1430
264.3597 122.0976 294.0743
250.8745 116.1691 290.4596
248.7740 128.3872 287.5067
251.4014 141.2001 288.4938
238.8337 133.0243 282.2074
259.4407 140.9323 290.9181
282.3436 -10.2963 177.8404
275.0061 -7.2203 172.2598
276.5481 -17.9931 169.0033
277.0509 243.7538 59.3300
263.1814 242.3376 59.7890
267.8334 232.1029 58.8250
273.1086 246.4940 61.7320
283.7629 247.9589 62.4584
293.5253 244.8305 59.1729
419.4337 127.9196 88.0662
418.3561 134.2889 93.7683
417.9793 142.6026 89.5305
418.9019 147.5986 93.8072
416.0248 130.5886 98.3941
222.6165 215.5362 62.3550
216.9042 202.1961 60.5702
225.9544 209.7604 59.9329
230.4783 221.8947 60.4107
245.3512 208.2526 59.8334
215.8832 190.5254 59.5548
416.9596 117.5420 107.6793
415.9820 113.8795 98.8291
417.5120 104.0103 100.9480
415.7631 123.7986 98.7851
416.1291 108.1437 90.4122
205.7895 60.6666 122.0254
208.5147 48.1275 121.5620
210.9029 41.6054 131.1994
197.7396 111.7149 151.7040
196.2472 112.7587 144.7292
196.8212 119.3407 146.9936
198.3846 126.2883 153.3471
193.7188 128.2068 139.4719
195.5311 134.3316 143.9432
191.1519 120.0458 139.0467
220.4111 30.4486 132.2541
224.4686 25.0536 134.5147
219.0929 28.9470 118.5459
224.0231 32.5241 138.6976
219.3975 34.8335 129.7665
206.3667 65.9037 184.3285
206.0156 80.3256 178.7855
202.9227 67.9231 188.6907
206.6465 57.1988 185.4151
206.6619 62.2887 176.3147
204.6862 65.4042 175.4204
212.2079 45.1869 186.6747
217.5727 36.6016 174.9179
310.8222 -36.4895 16.7798
316.0581 -30.3655 13.1677
306.2394 -28.0602 13.8887
311.9820 -15.8349 15.5307
325.0891 -27.8318 11.4982
329.4659 -35.5586 15.2716
375.6946 231.9303 111.5964
384.2825 225.8454 107.0541
395.8570 213.1279 104.8104
382.8948 227.5412 102.4564
364.7410  2.4107 200.1471
358.9082 -3.6837 196.8428
354.1152 -3.8560 202.1420
355.3373  0.8722 216.4040
366.0445  7.9553 215.8713
398.8961 68.7237 200.6102
399.7366 78.6274 204.5312
397.0935 52.9664 201.2311
206.1216 13.7201 31.8651
204.7293 10.2619 35.0665
205.9481  5.6415 36.7248
203.1684 19.5039 37.5732
202.6496 14.1203 41.9719
205.9900 106.9585 216.6157
205.8130 112.8737 213.4736
202.8248 108.5149 220.7794
201.3131 99.8740 223.8375
205.7833 96.9976 214.0828
205.0828 18.3730 25.3716
204.6230 22.1244 31.4541
201.8067 29.4523 27.6819
206.3549 30.8260 18.0197
207.2744  4.0104 23.3178
189.3177 71.7601 92.2310
198.9796 64.5592 96.0750
200.3834 65.9233 94.7515
199.3702 63.7799 96.7492
267.0856 -35.8818 84.8292
277.1242 -42.4571 90.2283
272.7896 -39.4747 88.0331
264.7551 -35.5942 83.0897
252.4636 -21.5397 77.9283
179.8531 87.5873 79.4463
180.9050 90.9842 102.4925
178.4091 97.2564 87.9035
181.9669 72.3139 63.6511
177.7985 100.0040 74.0352
179.4847 101.7092 90.8600
179.4932 104.4316 89.3740
178.0891 103.4323 89.3093
177.8986 100.4173 91.0250
179.0244 106.7715 97.0181
179.7806 153.4217 110.4100
179.2766 158.7510 109.9006
178.6220 161.8572 106.5675
178.2542 158.9928 110.4354
196.6122 208.5222 113.9775
200.8030 213.5421 111.7773
197.3105 207.9071 113.3538
200.7585 215.1156 112.1995
220.6788 234.6341 110.8787
214.7782 230.3427 110.4439
201.8263 216.3288 110.3920
197.7360 204.5062 118.0548
194.7646 205.4541 113.5600
199.7304 82.9480 188.1287
201.1380 85.1599 194.5814
201.2644 83.8770 184.7507
200.0760 83.7521 197.7778
194.9919 82.9924 190.6922
194.4249 80.7898 188.7963
200.4787 80.5226 185.0254
196.1885 59.9924 153.2339
190.1751 86.6955 136.8532
197.8616 59.2973 150.7070
202.2242 65.4909 144.3971
198.3269 57.0434 153.9272
205.9124 54.3019 152.1487
205.3093 56.3956 149.3265
201.4167 150.4332 180.0283
197.3959 141.6865 213.0477
198.8150 151.8757 179.5853
200.8653 149.6165 175.4068
200.3228 140.2884 212.1437
202.4500 147.9508 178.1071
279.6635 -42.0214 91.7283
283.7789 -44.4770 93.3166
281.4187 -41.8763 92.7711
282.2429 -39.1956 94.0997
289.7557 -47.5297 94.7273
197.3972 91.7763 213.2710
197.3997 83.7119 198.2541
200.0536 94.1301 213.8585
196.5370 89.4567 213.6446
196.6230 96.3866 221.1643
197.1265 97.3623 219.0887
286.3732 -46.8590 93.8775
215.2129 -20.4457 25.8837
217.8880 -18.5603 12.5459
221.7076 -25.5830 17.4119
205.0982 -4.9117 24.7711
217.8559 -23.1025 28.4573
362.3649 -21.6422 64.0413
372.1864 -16.3744 57.9185
384.5503 35.5642 134.8505
384.0971 34.3325 134.8913
385.8492 35.0365 120.3128
379.4336 30.8483 140.3106
382.1130 31.6344 137.9411
385.1817 33.3983 135.4847
387.8509 36.8260 115.3255
391.2313 37.5863 119.6870
385.2863 33.7296 113.2676
387.4583 31.9171 115.7641
383.4019 29.1713 108.6897
376.8517 16.0678 95.3534
385.1414 25.5785 108.4380
383.4626 230.6424 111.0906
399.7582 214.2518 112.2994
399.1315 213.4537 111.6887
384.3115 219.7477 128.4495
370.0179 232.8925 131.9815
382.9692 232.5353 111.7260
403.0272 208.1310 113.4742
374.0185  5.8229 189.3779
349.2462  1.5363 186.5998
373.7424 17.5575 186.2977
383.9061 12.4082 190.6409
375.3604  3.4567 191.4504
360.7491 -6.5569 190.5031
420.6020 107.1584 97.0291
422.3544 105.9688 97.2043
420.5130 101.7360 90.8739
422.0626 100.5575 90.9173
420.4713 104.3754 89.4580
405.1804 83.8204 175.4259
398.5770 70.9591 178.7667
401.6320 75.3615 177.0908
402.1533 72.0299 176.6530
397.9997 63.6446 178.0479
403.3186 65.7412 175.0388
403.8128 71.0908 175.7123
411.1454 125.9539 161.8512
411.7158 123.8706 158.7402
409.7079 125.5949 160.4639
409.0177 126.3547 162.7326
409.6803 122.7014 157.4311
415.4232 122.0886 135.2585
415.8101 119.0784 135.1807
413.4239 122.1917 134.7909
415.0853 124.8441 137.5500
413.6085 73.6720 95.4315
412.2473 70.2011 94.0635
411.2298 64.9564 91.5137
413.5266 74.0680 96.2713
412.3329 75.3630 93.9715
412.9089 80.1397 96.4959
413.7303 78.0041 98.5175
414.9343 79.6304 98.8903
415.3319 82.5273 100.2468
413.5434 83.8052 98.4792
346.3191 109.9511 297.9564
346.7320 117.3305 297.5305
344.8859 114.6292 298.1425
344.1978 112.2487 296.2332
344.3344 122.6996 297.6654
390.8418 143.2536 48.3860
382.8740 122.9450 44.3342
378.9930 157.3465 51.7049
388.3187 168.6427 53.0892
394.5528 109.3082 39.3090
403.3078 120.5094 45.2473
360.6041 -13.3631 69.5359
366.4674 -10.7369 65.4834
369.8539 -4.6359 66.2576
397.9114 57.7873 19.6235
394.5059 34.1023 11.0740
389.9666 31.8570  7.9169
404.9971 74.1988 30.4229
393.6286 91.3497 31.8911
383.8642 51.5525 12.0773
368.9495 224.7619 56.0981
386.2901 201.1378 56.7264
383.0239 188.2477 55.1386
397.6492 169.8733 55.4725
395.4381 191.1282 59.6151
383.4938 212.6028 59.2033
351.7916 240.0492 55.5909
321.2051 249.6703 57.6003
351.1817 244.3468 57.8837
320.6503 245.9516 55.2503
281.2882 250.1305 57.5073
319.4779 253.1760 64.2328
326.3962 234.5903 54.3220
281.0636 246.3608 55.2105
261.4670 218.5365 54.9487
283.0367 222.9315 54.4977
284.4487 223.3478 58.7920
274.1711 232.3511 54.1909
311.1915 223.4753 54.4366
324.7565 -5.9344 184.3619
329.9914 -4.3059 189.0361
339.5061  1.1030 187.5430
322.6698 -6.7667 178.2708
328.2779 -3.3470 171.3762
343.9037  4.4385 176.2150
297.1376 -44.2051 91.5880
309.1529 -45.0543 89.0307
293.5159 -45.9143 88.2637
312.3459 -37.5707 93.4534
312.7707 -43.6537 89.2681
295.8430 -52.5836 66.0617
310.5667 -52.7215 63.6474
303.8494 -38.9478 94.9831
269.8412 239.8991 181.4008
259.1786 236.5572 183.0691
267.9392 240.8807 158.2648
254.7673 236.1471 162.4310
261.8329 242.1023 142.2564
281.3581 245.2480 144.8725
281.9701 243.4850 156.8313
195.7045 144.9736 142.9851
191.0205 124.5998 133.6899
196.1211 80.7890 38.4806
196.9209 60.3138 34.2003
200.0440 69.4175 30.4215
191.0367 66.1258 46.3530
195.3726 50.3454 37.8017
202.0132 52.8495 24.2522
386.6528 167.8586 57.2919
381.6490 183.7436 59.0337
371.2399 184.9339 59.4752
391.2706 186.2406 60.7409
380.2149 204.4340 60.1691
406.0053 135.0043 140.1290
411.3025 101.7142 130.0282
416.6155 131.9986 109.0878
409.3770 140.7782 127.8942
339.8939 -11.6930 201.4319
341.5350 -5.7880 218.6134
364.9943 29.0169  3.3664
365.3555 27.4397  7.4207
367.4463 38.7538 10.7212
364.2102 13.0094  6.6001
370.1983 14.7682  4.5400
375.0077 19.4913  5.0762
217.2300 124.1679 44.6380
219.5964 149.0990 54.5535
216.7469 121.4150 48.4525
216.8119 106.0606 38.9987
207.1398 125.6651 44.1254
222.6153 166.1945 53.3759
212.0743 159.6883 51.5951
211.1405 26.0286 77.0405
211.9367 26.8209 74.4240
211.0844 24.8822 76.4395
209.6102 28.9940 78.5227
207.6681 33.3969 80.6606
218.2442 16.5480 74.0749
189.8804 41.7273 49.7036
190.5210 48.6688 52.1629
201.4164  4.3034 30.6833
192.7835 29.4310 45.8476
194.4628 83.1470 195.7451
276.8374 -52.7920 56.2129
246.5849 -29.6152 61.7567
261.2497 -44.1445 48.9662
232.1019 -19.2279 59.8069
201.5688  1.8292 27.6525
210.8957 -10.0382 27.4834
205.0988 -0.2130 28.5114
202.6362  5.7088 30.3986
202.6335  4.1945 28.1702
205.8318 -5.3886 28.1267
200.8402 99.9050 217.1038
201.3150 98.9753 216.5115
197.7157 81.3212 221.6363
196.3807 65.6053 210.2868
199.2203 80.3228 230.8893
197.3607 66.7131 212.7746
201.2236 88.8518 242.2952
250.4589 -1.8334 151.7050
260.2141 -8.4783 162.9708
245.0621  4.6160 152.4715
271.6058 -20.0940 168.2293
253.2360 -8.7937 134.8951
235.8305  8.8838 142.7688
201.6371  1.6979 25.7476
200.6686 10.6006 27.2615
200.0301 14.0372 25.5332
197.7969 20.9658 29.7537
201.7030 15.8375 28.5593
383.3685 -14.8868 40.8430
380.8698 -15.3272 46.4602
379.1465 -16.6535 45.3949
387.8791 -14.6458 32.2632
381.0227 -14.7786 40.5479
382.1212 -14.1899 34.5978
385.8045 -15.6631 33.8242
324.1683 -17.7834 213.4524
345.7509 -10.9062 212.3725
339.6227 -12.5653 213.2745
341.4553 -12.7395 214.2577
328.3439 -17.4964 214.3996
357.7546 -3.4188 212.9194
378.6148 24.9169 140.7123
353.3333  3.2192 153.2835
376.7411 19.9257 136.9817
364.6107 -31.4308 37.5889
345.6980 -39.5457 43.9378
363.6548 -30.6981 35.9910
358.7452 -34.7330 37.5277
366.1121 -28.5605 35.5435
366.3308 -29.8412 36.9712
399.2504 32.8081 72.8077
400.8507 30.3369 74.1356
400.5322 31.4288 75.0983
402.5766 35.9151 77.1856
399.3795 30.7369 71.5035
399.2256 27.1106 72.5159
342.3682 143.7083 295.8655
343.4138 144.1565 293.8702
341.7474 143.7540 294.5548
343.2066 146.5263 293.5127
343.9903 144.0345 295.1494
344.0242 146.5064 294.8403
197.4911 125.1800 225.0346
197.5042 102.5606 226.5849
197.1961 104.9682 227.1018
197.6124 102.0035 228.6590
196.3066 101.2548 220.8297
198.1615 139.5591 235.2241
199.6888 137.5340 235.3518
199.6715 139.6369 234.9957
200.1044 137.4432 237.1779
197.9907 137.2171 235.4515
409.0392 56.7809 87.4603
410.0510 62.1610 89.9601
408.3801 57.4013 88.1697
407.4574 49.4468 83.6050
407.8215 53.5920 85.8497
407.5515 58.5749 85.3680
396.2732 49.4758 89.3241
397.0200 49.0675 88.5231
395.5002 50.7173 86.7667
395.0973 44.7218 86.7605
397.2741 52.3807 90.7805
393.4447 42.8497 82.6962
394.2314 42.1437 85.5781
394.8259 41.2463 84.6293
402.6301 71.2528 101.4909
398.8444 215.7561 110.8028
397.4683 199.3676 133.0581
402.8171 205.0523 118.5381
402.7052 204.0487 118.4394
352.9319 144.5706 291.7354
354.1676 144.6011 289.6253
352.5168 144.6567 290.3073
352.5269 146.9192 291.6466
352.0662 146.8604 290.1712
398.9158 80.8441 185.1628
399.0791 82.8873 187.6688
405.2063 82.9835 190.4031
398.6257 84.9997 178.9089
398.7891 83.1232 194.1145
247.5854 144.8503 290.2806
247.4784 146.8754 291.6048
248.0016 147.0733 290.1252
247.0028 144.6000 291.6947
245.7455 144.5994 289.7232
236.3113 117.9657 286.8345
236.1373 91.7580 286.4086
242.0594 109.5368 290.2301
244.2273 110.2622 291.3902
254.4639 109.5409 295.6276
253.5402 91.5687 295.0512
248.4454 123.2243 293.5848
249.2923 124.6042 293.5408
249.0241 123.1647 292.6658
246.8393 123.3498 292.7693
247.1850 123.4125 291.9591
250.3863 140.0915 292.3914
337.7241 -21.5604 91.3289
325.8901 -34.5875 90.3141
335.9243 -28.5285 84.9894
326.9549 -26.4594 102.6184
359.1642 -7.3771 77.5336
365.5623 -7.8558 77.0409
362.1343 -9.3074 82.5491
359.2182 -11.1116 78.8227
330.4907 -28.1021 102.1722
330.0322 -25.0848 101.6372
199.5285 24.1340 31.0062
185.7648 60.1766 48.3175
188.2598 51.7095 42.4616
293.3399 -15.6286 11.6021
288.6129 -15.8877 15.5903
299.4430 -16.6196 16.0567
307.8531 -15.5539 11.5296
274.1059 -12.6152  9.1065
290.1535 -27.0860  9.5471
313.0902 -27.3445  9.1921
268.9266 -11.3056 169.0792
273.3868 -18.9275 173.9524
278.7917 -17.2250 176.7862
283.7248 -23.4650 180.2009
252.3362  3.3951 155.8419
186.1904 73.4295 95.5639
186.6601 74.0588 96.3413
185.1505 76.9282 97.4007
188.0712 62.6063 89.7343
183.4151 84.2863 101.2412
184.5493 82.1642 100.1478
185.4319 78.6894 98.4280
197.9156 67.2531 98.7015
356.1213 213.6472 247.7776
349.2368 208.6892 258.7318
346.6414 219.2087 248.7063
334.3957 214.2572 260.3070
359.7746 204.9867 253.6694
344.5526 199.9336 268.7796
207.4281 126.3910 48.7896
203.5392 104.9704 42.5856
216.7474 104.0923 42.8734
372.0443 115.8192 275.3282
380.4043 124.1694 267.4123
380.0101 99.0116 268.4618
375.7860 141.9091 269.6103
368.6864 90.0201 278.0674
232.9841 209.5753 55.5384
247.5666 209.9409 55.4951
236.7507 198.3397 55.6819
259.4513 218.1570 59.3359
352.5659 209.8283 55.4993
359.7413 202.8637 60.0323
343.3722 216.6048 59.4942
363.9985 197.3055 55.6599
367.7830 208.2025 55.5602
339.9642 217.8991 54.8569
367.4405 39.9336  6.5799
373.8299 60.2290 15.1434
376.3975 26.4192  2.3972
241.8683 -0.5446  9.2701
238.1228  9.8350  2.8760
237.0160  8.8076  7.1949
235.4696 15.3059  6.3881
230.1948  9.1110  4.4968
399.0064 61.6091 127.7554
398.5196 59.6211 131.4543
397.7295 57.1136 133.2287
398.6374 60.6394 136.5426
398.4051 59.6236 133.9980
398.7549 61.0929 131.1429
399.8652 65.2200 135.6028
349.8899 144.0885 293.0045
345.5915 140.0625 294.8105
347.6890 140.0944 293.9689
352.2654 140.3236 292.2272
349.9820 140.3272 293.0251
348.7673 123.1292 294.4299
268.9291 -23.5513  6.5538
256.6091 -6.6022  6.3698
248.5176 -20.0926  3.3419
288.8375 -30.6830  9.2489
406.8288 121.6262 150.9242
406.7176 114.1101 154.0784
407.7645 110.5979 148.4005
406.7087 131.3330 149.2525
407.6320 124.6246 145.7843
407.1467 120.8314 150.0578
272.4668 -13.0538 13.1547
367.3763 -26.9225 42.8514
355.4075 -35.7052 41.3226
292.3286 -47.4616 16.8380
279.2341 -58.0894 34.9251
289.2255 -48.2033 17.6715
271.3116 -44.2650 14.1957
269.7470 -54.9455 30.4413
403.3767 64.3353 166.2760
402.9819 63.4760 173.3019
401.5363 58.2014 160.1254
397.4783 60.9470 175.0195
390.3693 -8.6088 27.9185
397.0270 -2.0805 28.8278
392.6983 -8.4822 28.6496
396.2036  2.2149 28.0932
387.1235 -16.8515 26.9828
385.5783 -18.8903 27.8447
384.8951 -17.5224 29.0265
214.7241 42.1180 150.6666
218.0705 37.9187 151.4982
212.5432 45.7546 154.1329
207.7282 52.4365 149.5492
215.0675 38.1525 138.2929
226.9069 25.8163 148.7568
218.6201 32.6789 138.0994
411.5667 113.2369 139.7096
412.4778 93.6988 139.9056
414.5217 92.1620 133.3708
408.6778 88.3615 127.4528
403.4638 84.6690 132.0850
402.9378 82.4931 135.0403
412.0952 87.3373 137.9691
417.7538 95.3539 123.3801
413.9612 116.9768 133.8217
392.3640 54.5860 159.4151
402.6259 57.3519 153.0995
386.4241 -17.4116 29.7791
195.5505 74.7317 103.5076
199.8562 68.4440 101.6869
190.8625 81.9135 106.2426
185.3846 82.6217 100.8114
184.8378 86.3759 103.7441
195.3654 85.1175 126.8669
202.9182 69.1141 107.0458
330.8061 -12.5365 187.8170
308.1470 -20.2999 187.9526
317.7650 -13.7752 187.1364
326.5820 -22.1519 190.6110
334.1256 -6.8480 186.9004
366.6702 -8.3088  2.2168
355.1395 -1.8021  5.3802
366.9508 10.2637  0.9415
361.9759 10.7679  2.7332
373.3249 13.3029 -0.3398
239.3456 -35.9329 31.8115
227.6544 -30.6296 18.8920
252.9748 -40.5065 42.8065
268.1043 -54.3060 36.9502
245.3432 -42.9854 23.9487
410.4136 110.8249 152.7268
410.2775 110.2462 149.2497
407.2350 110.8116 151.7890
409.5705 117.7941 158.3754
409.8824 113.4423 154.5006
348.9366 -28.3282  7.2308
327.8447 -31.5237  8.2279
346.4169 -24.1511  4.7111
311.7026 -31.6295  9.3538
348.6182 -20.3962  3.6485
361.4451 -17.8417  3.0223
327.9595 -44.4383 14.3502
335.3081 -40.0519 11.4605
334.3335 -51.8520 26.2476
309.7297 -47.4763 16.6825
216.2808 207.8087 63.8324
209.5419 194.0399 62.6334
192.5923 186.6931 83.2524
205.5762 183.2633 61.8751
243.9659 -1.1912  5.3377
248.1586 -4.0827  9.9558
195.9948 115.0901 226.4933
194.4425 102.9933 228.4565
194.3383 114.8935 226.9230
378.0371 -19.9940 32.4218
375.6963 -20.5923 31.7327
373.0054 -22.0205 31.8338
368.9503 -23.5595 33.9770
372.1492 -22.0048 29.2197
372.5851 -21.9599 33.4297
378.5672 -19.5336 28.8439
372.2659 -22.4893 37.0745
369.2839 241.9583 110.6808
380.8158 234.7351 110.1255
369.7488 243.2105 109.8479
358.8356 249.3339 109.5708
359.7014 247.4863 110.4934
366.4027 245.1592 111.3247
401.8097 117.3786 236.3891
400.8210 132.9250 234.3039
402.1287 133.0603 234.8006
400.5844 116.1950 235.9934
401.4282 116.1633 239.4236
402.1916 115.9097 236.1425
202.8078 52.6553 184.9997
204.4297 51.5639 184.8335
211.8196 30.5566 186.2874
202.5620 34.6161 189.1265
210.6293 20.0104 189.8252
222.9043 19.3590 186.4434
211.2596 36.6369 185.4388
336.2619 -43.6594 41.2107
322.0703 -52.4959 44.1717
333.6852 -41.6315 46.8866
343.3762 -36.2969 43.6184
317.2384 -50.9549 54.4087
328.6534 -43.1289 57.8474
386.3717 10.4902 61.7577
394.1328 19.7191 63.6858
389.9582  9.1866 56.5832
381.9406 -3.7316 52.6973
376.9303 -4.9714 55.6582
386.6113 23.0009 70.3237
375.5003 -21.3550 39.7914
372.0194 -22.9379 41.7459
373.3517 -22.0718 38.6118
372.3863 -18.8313 38.1559
375.1570 -17.9058 39.3390
215.3949 182.7951 54.8265
228.3062 183.3297 54.9658
234.2673 194.8188 59.9273
225.2058 176.6240 59.0080
195.1910 114.1576 160.9336
194.1123 119.8502 159.7988
195.4814 124.5654 166.6853
195.2093 132.2370 159.7291
257.4542 134.8359 295.3784
256.2028 122.7544 296.4831
255.7740 112.3207 296.3020
257.6344 143.7060 295.8657
258.2784 143.8127 294.5347
262.0381 137.9562 296.7152
394.9795 55.9098 134.2476
396.9544 55.3462 134.2915
396.5673 54.6083 136.7329
396.9080 53.6931 134.8192
276.7763 -53.1283 54.0580
285.9411 -56.1952 57.7392
276.3759 -51.6362 54.3550
248.6102 -36.6304 41.2677
228.8419 11.1434 105.9125
230.4026  5.3737 94.4376
225.9783 14.3621 99.6774
227.6275 17.8670 93.7069
221.8655 22.5619 109.1239
291.6308 -32.5741 111.4531
290.3573 -38.0600 94.4104
284.6018 -36.0850 91.9083
284.5738 -42.3943 88.6491
399.9483 102.7790 239.3905
403.4301 98.0640 221.9167
402.7773 102.8118 227.4464
361.9051 222.5491 228.2847
352.5537 228.1694 235.3373
360.9776 217.5084 245.7206
370.1587 212.3392 234.7258
371.9113 217.2639 197.3643
352.8036 232.8922 208.9133
362.4322 230.7331 163.1617
196.6599 73.5608 103.2489
197.3625 71.4281 101.5919
198.5621 73.0383 99.5776
196.5277 71.2652 100.6403
225.9761 10.9386 88.8135
219.2486 20.1318 78.4621
227.1939  7.6040 81.0897
230.1266 -4.8213 66.0568
232.8700 -2.1579 76.8709
203.9127 60.1866 134.2952
204.6092 57.7185 133.3570
203.8950 60.8824 137.2902
201.7764 58.6893 133.3287
201.3267 60.3058 134.8887
227.1665 23.2302  5.8171
234.4157 30.8895  8.2805
230.1568 46.6213 13.7835
234.2673 33.8695  4.5301
217.9821 40.8138 12.6435
226.9300 57.6996 13.7991
223.3966 70.3255 25.1486
214.9164 63.5241 22.3271
204.6696 52.7047 182.6174
204.6804 52.6558 176.3266
207.2287 51.5646 173.7641
405.5955 80.8570 188.5081
405.3487 83.1714 195.7586
403.0855 83.5403 198.5362
197.7113 136.5809 225.9326
195.8176 136.0429 224.5324
196.1520 136.4246 226.3833
196.2516 138.6960 226.3643
197.3865 136.1056 224.1277
197.8830 139.0215 226.0919
393.2795 189.5632 164.1328
394.8340 192.8123 147.7180
394.2823 195.1561 142.9834
393.9394 190.4753 163.7734
394.3569 181.8484 194.5096
394.2113 189.0026 162.7026
222.6589 201.2703 201.8920
211.9589 189.4262 176.2400
221.6383 205.4571 162.8900
210.7289 183.6829 196.6037
223.4017 196.2186 233.0091
232.6144 215.1149 201.2707
369.5103 -4.6230 81.9933
366.5554  3.1647 114.9775
334.6104 -25.8493 104.3491
350.4298 -1.4810 150.2047
400.0719 83.4017 235.2295
402.2553 83.8868 222.2782
403.3486 92.0829 214.3843
403.5898 64.4327 209.8329
207.0644 70.9569 252.8290
213.8723 66.7138 261.7832
212.2228 80.8749 264.0757
222.7773 61.7636 270.2966
213.5564 55.6356 255.6159
399.6886 64.2303 125.2863
396.9614 63.2182 126.7284
375.4155 -20.4290 28.1470
372.2283 -18.0646 27.7531
376.7268 -16.3525 27.7666
398.7336 77.8383 129.4420
398.8827 82.8135 127.0863
396.8921 76.2903 119.2184
397.8196 80.8402 116.1451
401.1163 87.1494 123.9775
209.9068 57.0119 151.9107
206.7864 64.7619 145.5608
202.9699 77.4606 139.4637
352.9540 -38.7031 22.1159
356.9367 -34.7370 17.2978
341.0769 -44.0745 23.8847
339.8933 -45.3752 31.2332
361.7228 -31.1689 26.1082
357.5315 251.7805 85.6507
361.3885 250.0602 88.3809
366.6436 246.6963 86.0290
382.5108 234.6948 88.8643
359.4189 240.2991 58.5780
416.2403 131.4048 82.7387
415.4136 146.7972 85.9782
372.6862 -28.5161 22.5241
370.5858 -28.6330 25.3426
366.1702 -31.4403 29.9745
354.8926 -41.9873 25.9383
366.9432 -30.2479 30.7941
366.1211 -31.0475 34.7212
401.2782 132.7897 232.3087
402.4788 116.6406 233.7932
402.5877 132.8788 232.5568
403.1441 132.7190 229.9897
402.8402 116.8141 232.0153
400.9942 115.9168 233.8433
394.7775 55.4773 137.4748
397.2816 56.2728 139.3061
396.0908 60.7059 134.9830
395.2228 57.2681 139.3950
313.1949 -40.4217 112.5892
300.4798 -38.8747 114.3799
312.9391 -37.2813 112.3612
287.0291 -37.2628 112.3427
290.3830 -37.0463 111.8896
286.8529 -40.4450 112.6079
299.6759 -37.7730 112.7778
299.8238 -42.2729 114.6182
365.5935 -34.9544 19.4730
356.1968 -41.4351 17.7606
377.4500 -25.8744 16.8305
367.6828 -32.2713 12.3607
269.7524 -9.2868 192.0124
271.4959 -4.4871 187.0855
261.5167 -0.8178 189.9000
259.4893 -7.5590 191.9963
262.7640  0.1623 181.5660
253.1331  5.5724 186.9132
252.8349  1.5953 191.3251
217.0167 221.2952 128.6322
203.8470 197.7191 137.3542
416.9586 115.1896 79.6368
415.7541 118.6952 76.4050
416.2276 116.9585 68.3662
417.8518 102.6122 79.6189
403.3376 115.4744 231.2268
402.0472 115.3749 229.5152
401.5535 115.7363 231.3819
403.4271 115.3626 229.4007
404.0921 115.0311 226.6166
403.0657 116.1413 239.5671
204.7987 113.8303 239.9181
205.6519 129.7667 242.2205
207.1486 119.8966 249.7417
201.2708 110.7672 232.7669
205.1629 100.5982 242.1515
201.3121 119.9880 222.4428
346.0714 142.5180 289.3383
352.4850 144.7274 285.8599
334.2329 141.6881 292.7937
323.9809 77.4734 299.7156
341.5694 80.5434 295.5464
334.1650 92.6765 299.2395
345.7127 93.5402 295.2671
330.1325 66.9832 296.1261
347.3749 66.8239 290.5628
356.1473 83.9580 290.1431
196.8238 82.2514 125.7122
196.4557 84.4587 132.1542
196.0720 81.1673 131.2283
198.9002 69.5163 113.9709
225.7319 29.4668 150.5947
218.5180 39.6711 153.0311
222.7051 33.4222 150.1964
213.9626 45.1993 158.5225
373.7882 176.1389 259.1589
364.6846 191.6257 259.9030
376.7405 186.4521 247.7212
378.5476 190.5089 239.3244
368.9165 200.3774 246.2936
389.2892 164.4123 244.8078
391.7659 166.3060 238.8918
322.3665 47.1202 291.3387
313.1420 56.6257 296.3717
308.6396 42.1629 291.4001
296.9930 70.7760 301.0196
308.2807 72.5308 301.0752
296.1269 54.7910 296.7024
203.4941 62.1055 129.3997
200.9098 62.0800 127.2793
201.2410 61.1015 130.5372
203.1618 63.5884 126.4629
200.3663 64.5163 125.1601
199.5762 25.5012 50.7239
202.4566 25.7329 63.5715
208.2040 12.1486 57.4080
209.3198 21.4550 67.5189
214.1222  2.9729 56.1443
204.5038 95.7063 254.2432
204.1808 103.5822 254.3448
202.4100 91.9420 247.0110
200.3188 84.1630 238.7686
204.6876 104.5442 254.0803
202.3051 89.2089 243.7382
292.4931 256.1135 101.1152
301.1468 253.9147 97.0581
313.2194 256.4705 101.9923
293.5594 255.4251 107.7134
320.6174 253.3545 114.4458
329.6854 254.1917 101.2643
315.6610 253.1039 95.5471
204.3542 47.5856 114.0248
208.3996 37.8415 118.9943
206.3488 40.6317 118.4379
206.5781 40.0936 136.2535
336.6051 -34.7841 82.2376
371.2837 -22.4253 46.6796
393.7200 10.6545 63.1881
364.0368 24.9255 154.9060
360.4679 23.1627 151.2411
365.2076 24.4771 145.3887
416.7378 134.1623 74.6584
415.4659 136.6650 71.3161
416.1679 145.7130 75.4376
234.7930 239.0358 127.5313
219.7754 234.8202 111.6037
232.9659 234.7909 133.4900
235.4426 246.1438 111.1658
410.5767 65.8519 92.3750
409.8733 67.1521 89.6499
177.0096 115.6592 69.2642
192.7982 137.5844 53.0431
188.6237 112.1975 50.4684
195.2901 72.2923 29.5951
179.2019 93.0535 61.6416
195.1275 102.2128 231.5062
196.5021 106.0909 238.5164
196.3922 102.7461 237.7513
199.9864 102.9508 239.3741
316.9258 -39.7173 94.2980
320.5636 -30.9781 106.7245
313.6609 -35.6494 110.2704
410.2403 125.6002 142.1949
411.5706 126.8306 138.5472
408.6590 143.7496 144.0049
412.4744 125.5301 138.0022
398.5194 74.6127 184.3943
197.2125 104.6402 240.7069
383.0467 123.7871 48.9124
379.8385 152.9318 55.4008
390.1506 143.3016 52.7104
376.8096 169.1082 58.1227
374.0513 177.9424 54.6547
417.7262 71.0639 64.0971
417.6657 85.1463 100.5718
412.8882 65.8800 91.0801
404.8737 21.4260 42.5938
199.2982 116.0720 235.8784
199.4844 125.5949 235.3118
199.1579 115.7896 234.2404
197.9012 116.0009 236.5316
199.1408 132.9825 234.0563
197.9152 133.0557 234.8124
256.5315 144.1475 293.8816
256.0505 144.0523 295.1749
256.5540 146.5187 293.5140
255.8311 146.3926 294.9195
410.1288 53.6111 45.2738
408.6358 44.9355 50.6827
403.1238 28.8356 38.4995
397.2495  5.1218 29.3485
397.6469 13.8202 28.1327
400.1260 23.3353 30.5033
402.6570 97.2829 170.8355
402.8019 88.0653 167.5003
403.3452 88.9548 162.8175
257.1664 -15.7295 81.2345
256.3787 -26.4085 72.7942
234.7728 -8.6211 60.8770
242.3089 -20.6013 62.3651
411.5200 170.5026 79.1626
409.7574 180.4890 85.7412
408.1028 183.0359 81.5626
412.2511 171.8007 93.7113
407.6871 183.6237 92.7871
365.4410 -29.0014 14.9240
353.7769 -20.5298  8.0205
363.9474 -13.2169  7.0210
399.1084 53.0731 191.3087
293.1966 -55.9614 51.4198
305.0400 -53.7917 58.3326
305.9144 -56.3157 50.2137
312.5022 -54.6642 52.4863
290.9223 -53.5322 59.3707
395.3696 135.0974 171.6000
393.8467 126.4363 177.9622
393.0097 145.4743 177.2606
400.7314 127.5892 170.0044
396.1495 145.7483 170.3071
396.3078 119.4595 172.2311
327.0634 -12.4658  8.8677
195.1831 72.4778 187.7528
195.5205 60.4747 189.3950
197.4775 49.6440 198.8974
197.9372 47.6713 188.9025
194.6780 69.7787 198.2028
388.4393 191.5961 160.5844
393.1041 184.2459 146.9297
391.9435 179.0705 174.3202
388.6743 197.4050 143.8424
384.1895 197.2246 164.1649
388.5381 188.1126 179.7990
292.1409 -57.4888 58.6892
287.3391 -57.9826 57.6326
289.2328 -58.1169 59.9590
305.5365 -57.6285 58.8286
290.1656 -58.9643 57.9793
221.9126 38.2933 145.7242
218.0727 41.1100 137.5661
252.6084 11.9840 161.9013
261.0175  4.5383 168.7446
258.1159  7.8907 159.7314
250.5847  7.9927 174.9936
245.8424 18.3688 154.2922
357.0879 -9.4088 201.0157
363.6716 -5.8977 193.2392
372.2389  0.9887 199.9971
380.1925  8.5889 200.3996
314.1002 105.8181 298.5429
305.7134 84.2496 298.5266
290.6651 89.3944 298.7334
320.6088 96.4132 298.0230
313.1393 72.8807 296.1142
299.9284 66.8189 295.8016
313.1229 -5.0672 238.5390
300.1167 -4.9535 240.9124
316.0089 -0.3127 246.5174
313.0189 -14.5591 218.0807
301.1927  4.7664 256.8575
290.8321 -1.3220 246.8727
297.2709 -15.7048 217.8587
209.7782 -11.5414 26.3510
218.8789 -22.5155 29.3211
296.8717 -23.5605 196.3690
304.8822 -23.0328 198.1204
295.0246 -21.2720 200.4870
263.2380 -24.4668  9.8468
260.0011 200.6346 269.9244
249.2651 191.6471 271.0276
249.6978 207.4570 259.3000
280.3346 207.2467 270.0155
270.2365 191.6955 278.6155
265.3620 215.3508 259.1366
385.1437 47.5749 91.2528
378.2358 30.1722 104.6163
383.0793 41.3782 109.6727
383.6977 40.0023 114.9776
386.6196 52.8421 94.6505
388.5336 57.1472 106.9819
286.3978 253.3231 95.9751
274.3849 252.6915 97.3229
274.7925 252.2354 91.1720
292.5455 253.3488 93.6533
275.4601 255.3586 102.1144
274.5863 253.8558 83.4328
192.4616 144.9648 168.9519
191.0884 131.3785 160.6371
191.7891 125.0633 167.1621
191.0754 125.5268 164.8190
190.3447 122.3636 157.4156
190.4199 125.6494 159.8514
191.1246 129.3570 154.1908
190.7893 131.3252 148.2664
410.3691 61.3495 63.0793
408.9504 55.6696 62.9751
179.0112 113.7248 101.0017
178.5735 153.2318 110.8130
177.5759 110.8932 100.5797
263.5292 31.4014 278.1575
250.6838 52.7010 284.6605
246.8904 42.3247 277.2903
241.4246 35.2118 269.0977
257.9653 19.3188 265.8433
272.9852 17.3525 270.9158
270.3362 37.6272 284.8707
207.0952 54.8976 160.4221
383.4806 104.8261 43.2425
383.3528 106.1099 39.0683
193.0053 104.8176 146.5004
194.0919 105.2874 153.6886
265.2083 222.3006 257.9121
283.2209 232.7369 249.4505
257.2055 226.2470 249.4291
290.2392 227.4409 258.0326
302.7828 237.0493 245.1895
283.3205 238.8385 238.1409
262.0437 233.5168 239.4091
236.1536 -7.1333 72.9879
234.4605 -9.8337 66.4499
240.6413 -7.3601 77.3913
233.7848 -3.6322 76.9691
344.8477  9.8365 164.0376
333.7187  1.2457 168.3776
381.2014 -6.6559  8.1994
382.8832  7.9323  6.3077
373.2943  4.0299  4.5515
385.8273 -3.7072 12.0910
387.2422 71.9639 254.2703
380.4316 65.7735 261.4698
384.1500 81.0926 261.6259
373.6879 78.9478 272.7146
386.9686 58.8093 247.6362
372.6089 52.8736 263.4475
369.2167 66.0444 272.9256
288.7471 237.8112 226.0701
286.1067 234.5381 237.8548
272.2682 234.2562 229.0543
301.5839 235.4743 238.1002
282.6368 240.2364 202.9687
300.6630 240.3398 212.7719
307.6734 237.2724 231.2818
245.6062 239.8094 129.0092
236.5408 232.9296 130.9353
229.0284 234.9286 114.5079
237.6397 241.2685 112.1477
219.2244 224.7378 117.0207
224.0366 27.8346  2.6859
216.1872  8.7689  2.2467
212.2148 23.6494  5.3057
212.6286  3.8544  4.3806
215.2232 -7.3687  5.4584
224.8666 12.5677 -0.2973
386.8478  9.1620  3.4215
414.6670 90.1977 98.8569
413.1133 93.7812 111.2856
409.1148 87.2560 104.2596
417.1641 96.6535 88.5147
283.0057 258.3298 110.1119
252.9641 253.6180 109.5630
261.7329 254.8104 110.1940
287.6211 259.6276 110.7460
310.9425 258.6685 110.1011
312.7148 260.0035 109.1750
288.2034 259.9767 109.2398
274.1718 258.3628 110.8936
273.0451 258.5843 109.3183
418.3836 116.4928 88.2946
346.4628 49.9681 284.7081
336.4402 56.0418 290.9350
324.5786 37.0289 285.9969
248.7851 251.0095 88.2055
268.8885 255.9418 96.6272
265.9953 255.6616 88.5184
275.3776 257.6284 87.9089
285.3275 257.9927 96.5287
203.7012 165.0971 237.9304
203.0611 170.6717 229.6321
203.8764 170.1264 228.9160
202.9642 165.7753 238.5480
202.7818 163.6247 238.4856
203.8398 156.4797 245.3865
298.4959 -23.4994 178.3434
405.8346 48.9073 83.5417
406.6551 47.5941 82.8489
394.1601 46.1467 84.2814
405.1873 49.9992 81.1125
231.2331 -23.0899 38.3764
235.9880 -25.9879 34.8085
222.9059 -21.4210 25.2972
226.6605 -23.9765 15.8513
217.8778 -15.8186 22.5158
235.8055 -29.7286 26.8141
219.5697 -15.4819 33.7429
329.7604 64.1111 290.7494
315.7815 53.6285 290.4161
329.5440 80.7595 294.6607
244.0572 123.1103 290.7127
243.3164 112.6672 290.9757
242.8605 118.6939 293.3970
244.7317 118.0238 294.1515
244.2545 123.3741 293.5857
244.6796 113.3975 294.3424
243.8751 123.4096 291.7556
242.9403 110.7111 293.6913
240.7251 -27.1045 43.6822
243.2724 -30.1933 36.6524
340.9833 217.5842 260.7160
316.2953 226.8292 257.5922
332.3188 212.2640 269.1022
352.4023 205.0683 266.7954
350.4435 220.3518 252.4117
333.6507 231.3815 246.4110
319.8644 -36.4750 114.0878
338.6989 -15.4654 140.0646
327.7952 -20.5622 168.1477
312.9734 -40.7273 117.8632
331.4269 -38.5608 11.7631
307.0907 -43.5901 16.0056
369.6337 -22.1798 31.0361
368.7168 -19.5968 29.9760
366.7868 -20.6400 33.7763
240.0663 56.8587 275.4882
252.7106 60.5521 283.7140
252.5696 46.9913 277.3735
267.2525 49.7666 284.7312
274.1199 31.5428 276.8757
235.1625 44.7241 265.1362
254.5087 33.3911 269.6823
402.5498 112.0754 148.4299
406.0582 104.1205 154.1071
402.8677 112.5318 154.1838
401.5667 128.3535 152.6989
407.2302 109.2516 139.6565
362.2570 16.3826 151.4259
347.2556  6.6104 159.3846
348.7245  5.2280 158.5504
354.8969 13.1628 154.8747
331.1044 -6.8883 172.3664
379.9767 -10.3769 45.3133
364.8034 -7.4241  6.8998
357.1574 -1.4309  9.5779
400.2040 137.4574 235.3979
400.2660 139.6808 235.0608
400.0590 137.2996 237.2132
401.9377 137.2352 235.5704
401.9509 139.5971 235.1872
181.8393 163.3618 90.6740
186.1364 182.1374 85.6059
181.7762 164.8008 82.1849
186.3009 181.4016 94.2660
187.4883 191.8004 96.7586
180.1167 169.3202 92.8058
179.1898 139.9515 85.1539
400.8747 25.3821 47.4789
395.7421 14.5628 35.0404
396.1947 10.6851 39.2180
389.6741 -1.9396 35.8850
392.2870  1.9338 30.1205
302.3292 181.7306 290.8596
281.4134 185.9415 287.8914
285.2208 172.3784 293.4178
300.9807 164.8616 296.5401
283.9986 149.2181 299.5340
273.0492 166.5519 293.7923
297.0652 157.5753 298.5308
197.2155 38.0547 75.8913
198.7978 37.5932 75.1448
196.8901 40.8424 76.7135
197.6087 41.5366 76.8925
195.5687 40.3837 79.1664
403.1278 127.9004 145.0071
404.7175 137.2230 146.1400
197.9774 92.4823 171.2090
195.5536 107.5925 165.5827
197.7125 100.1149 170.6842
197.7153 109.2243 170.0816
361.4821 125.3983 287.7519
354.6611 140.8605 290.0163
355.7616 125.0632 290.6526
356.1165 123.3992 291.6649
356.6389 112.3737 291.0141
380.0998 -9.8788 56.3435
202.0872 67.3253 125.1523
199.8838 67.7604 125.1151
201.2649 70.7342 126.8644
251.1321  3.8906 149.7241
268.4338 -10.5863 162.6311
253.6521  0.1275 148.2032
238.8184 11.4031 139.5614
241.6232 17.0129 146.6840
257.8352  3.2447 155.4963
200.0861 156.2545 167.3890
202.2492 156.5006 175.6094
197.3771 148.7031 153.2521
207.3175 178.1709 167.7494
364.6061 -4.7803 76.8282
363.6349 -7.2799 73.0390
343.0829 -49.0037 25.1257
327.9369 -55.8523 38.3688
324.8180 -57.4859 35.2759
379.5024 43.2054 12.9833
374.9393 63.6533 21.7309
387.4050 70.4105 25.8823
410.9602 117.2750 165.6276
411.9224 117.8526 159.2643
411.9690 120.6531 157.9021
411.2934 116.0730 162.5226
204.4425 47.8562 200.2850
201.4359 60.1986 199.2297
206.5640 45.3222 214.0051
202.7265 56.5315 215.9220
260.8331 58.3270 290.8708
278.5912 56.6331 295.0220
267.0703 71.0304 296.3393
277.4276 43.6796 289.9560
248.7372 63.0637 287.9799
301.9175 -58.5888 60.4090
310.9122 -58.0764 59.9840
302.0151 -48.0683 95.1043
294.7335 43.1415 292.0922
290.0725 31.5021 285.4439
306.6402 29.9905 284.8645
285.5863 18.0413 275.1336
294.9173 -21.1863 183.0151
287.7662 -19.7135 183.6491
288.2139 -20.2489 181.2995
295.3873 -20.8413 185.3903
288.5053 -15.8487 183.9012
279.1033 -16.9369 179.8171
298.6286 -16.9485 185.6074
422.3770 111.8047 100.7141
418.6392 92.3421 108.9428
206.8762 29.2794 199.7302
201.1081 42.6547 199.3180
205.7140 34.0292 210.7554
197.7626 54.7939 198.7984
361.3768 54.5887 273.4157
355.5524 43.0667 270.6148
347.0707 57.7173 282.8010
344.8934 248.0248 90.5601
366.3781 240.1638 86.0888
351.9216 245.2683 95.4614
362.6850 240.1894 92.1344
364.9060 242.3199 102.3754
339.8572 249.6013 96.4336
349.1330 249.0904 102.4913
234.2190 -17.4575 55.1623
221.4470 -7.8292 51.1591
228.0417 -9.0046 56.2062
215.9384 -9.8154 33.5669
216.5422 59.0186 253.5524
214.1689 50.6872 242.8086
211.0225 69.2701 249.9143
218.7179 71.0854 262.6297
217.2153 43.4722 241.7893
225.1589 48.4120 257.9464
225.5036 64.4090 267.6190
353.0161  7.7959 189.8027
205.1025 45.7887 87.7011
200.7118 59.4989 94.4406
201.3709 56.6631 92.8463
199.4217 60.7591 94.5985
201.6074 61.3458 92.4868
202.3943 58.6543 90.7403
391.8848 64.1194 240.5272
386.9139 48.1714 237.7127
378.7892 34.9420 238.8138
378.0385 46.2614 252.2055
394.8428 48.9601 216.1767
385.4262 30.1316 217.6592
401.8334 161.3664 173.6063
401.9755 155.6346 180.8611
402.9129 152.0084 175.2392
405.9795 146.8421 170.7538
407.4332 145.8836 169.4163
398.3632 100.8784 223.5792
394.2097 103.7205 216.9922
378.5483 159.4225 261.3828
369.9417 160.2002 270.0642
366.3150 176.2624 267.3608
351.2183 228.7369 207.3274
344.3028 234.4984 189.6393
352.5858 230.8587 183.4446
351.6097 233.2935 160.8195
361.3094 224.2373 181.1240
337.7751 239.2824 158.9456
399.9386 138.3974 53.5575
395.7715 149.6048 54.9665
395.8628 165.6275 58.4931
400.4276 161.5446 60.2068
204.8985 49.2983 145.6999
202.8393 54.8568 146.1347
206.5418 42.7239 140.4595
376.4687 -20.9625 43.4030
377.1368 -16.5003 43.8469
373.7623 -17.8787 44.2084
373.3188 -20.6357 46.4361
370.7116 -19.2723 43.2814
196.1701 81.9327 198.7975
398.1249  1.3884 26.6991
397.4441 -0.5437 24.9405
400.3511 15.1893 27.4460
181.4764 175.3023 84.4063
179.3447 144.7734 77.5862
371.5916 24.4824 149.0473
360.8417 13.7385 148.4485
373.3308 24.4074 142.9122
378.6180 33.2803 149.9450
369.5423 24.9798 149.6840
404.8197 114.2441 163.3886
406.0868 121.9434 161.5812
194.7596 82.8014 173.3460
195.4969 95.4282 175.2428
192.6484 110.0379 172.1445
193.1795 143.1412 170.5502
200.6951 105.8049 176.9915
197.5747 71.5352 176.7142
286.5374 -35.8937 110.6256
272.1163 -29.8861 103.9843
268.6983 -24.2664 100.8131
269.2202 -23.6818 99.8108
407.8039 84.9783 117.9098
399.1419 73.2351 111.0908
414.3707 86.4905 104.4999
403.6909 84.6057 128.2277
328.9918 220.5446 254.8980
309.5278 218.4706 261.2753
306.0921 225.2029 254.1653
290.1577 216.3543 263.4191
306.1766 210.9100 268.8850
203.6721 71.2300 121.8239
206.9549 67.7208 125.6456
206.4955 55.4697 115.2022
207.1674 89.9422 36.0190
209.2774 53.1557 233.5571
203.2988 62.5596 132.6810
332.0858 -0.4823 237.0428
325.9478 -11.5256 218.5818
343.3945  5.0108 237.7777
334.2114 11.4139 254.9684
392.9603 57.8671 104.9152
386.1830 37.3468 104.8549
383.9645 28.9617 83.5320
318.1783 157.5826 292.9811
306.7081 176.8750 287.7640
326.1667 174.9461 286.5771
299.8695 157.0451 294.2133
308.9005 190.8695 281.7264
289.5182 181.4032 285.9635
186.6178 83.8334 98.6057
404.8067 102.1465 231.3469
403.5025 102.7199 237.7688
403.4147 106.0507 238.5953
402.9704 104.4625 240.6834
277.1799 -23.6785 142.1863
284.0805 -33.1103 121.1237
289.5879 -34.3232 129.7206
293.9776 -37.2145 121.1221
285.0819 -28.0683 148.3592
210.3523 -2.9756 24.4159
211.5372 -4.0917 19.8316
213.8700 -6.7128 29.1821
220.6180 -12.9485 10.5065
216.3892 45.2619 251.5690
207.3038 50.2386 238.5586
213.1078 38.7392 238.7817
226.5763 31.1346 251.9878
226.1100 41.0923 260.7639
389.3809 -1.2636 18.5885
392.8052  6.6732 23.2838
389.8606 24.0464 12.7779
409.6166 154.5322 122.2945
402.9646 161.9850 134.2365
402.2381 150.5628 148.2172
398.8156 179.2547 132.6390
401.9943 181.7140 124.3154
399.1578 164.4436 145.4203
206.2118 50.6303 82.5383
195.7798 52.8854 78.4310
206.1975 55.0156 83.8717
213.9719 50.7430 93.3917
201.0925 59.9289 84.6467
195.1640 123.0926 52.5238
201.4424 121.1535 48.2750
199.1379 131.0810 51.9470
194.5031 104.3957 47.2483
189.3949 125.4815 164.7952
188.9100 125.9714 162.0915
189.5657 121.7141 167.5665
290.0730 31.8857 280.4908
287.5736 19.2935 270.4272
283.6087 11.5485 262.3611
298.6890 20.2314 272.5351
398.9532 42.7347 199.2602
404.2449 59.1144 198.5682
402.0688 55.0765 198.8820
401.6730 46.2693 199.0270
397.6930 41.3205 210.2082
393.2313 29.3013 199.7861
389.0363 24.5512 210.7672
194.0006 86.1317 146.2424
374.2999 -6.2606  2.1628
377.7868  9.2425  0.3647
384.7508 -7.0652  4.8957
404.6000 124.8978 165.9095
403.4977 134.9635 167.5763
402.4638 111.7164 170.1577
204.3661 85.6079 234.7829
201.3717 92.3619 220.5764
202.8488 77.3301 224.4661
206.9059 76.1278 243.5314
209.0802 100.0888 254.1066
187.0997 124.1867 135.8885
187.5902 125.6018 138.5061
189.4997 126.7311 141.1686
189.6849 124.0595 143.2233
191.2966 141.7333 144.2240
181.4654 120.0231 83.6473
268.5512 -12.6930 160.2387
264.2399 -9.8294 152.1418
280.1591 -21.0445 167.4247
395.6148 58.6162 133.4325
234.8075 203.0026 248.7943
230.2383 189.1008 255.7379
221.9533 187.9000 244.3120
235.9432 210.9258 239.6687
247.7220 213.3424 251.9076
239.0572 192.8295 262.9839
405.3622 74.5620 198.0371
404.8042 80.9712 197.5487
402.9053 105.3379 233.3466
401.9700 106.7172 238.4421
403.4537 110.7239 238.1516
401.8321 110.3224 237.6685
386.5047 26.0187 10.0947
389.7473 38.1680 14.4700
397.2255 59.6778 24.9811
393.1166 37.8784 16.5913
284.6231 242.9271 173.0654
265.0014 234.9004 213.8585
231.2357  9.6851  0.3983
235.6110 24.3162  2.5746
205.0421 56.0791 138.4939
202.0423 57.9793 139.6095
204.4220 58.5886 139.3183
205.2500 55.1256 136.0766
202.7363 55.6805 139.0941
391.9617 62.0197 132.0649
395.3915 72.1765 136.9601
393.4081 70.8794 127.6150
335.0871 147.5400 296.1703
342.5746 160.5872 291.1347
317.3959 150.7894 299.0971
328.3112 163.0131 294.5170
331.2658 130.9075 299.2563
342.6800 133.6920 295.5245
232.0732 29.2286 148.8849
224.4773 38.5708 151.6678
312.1606 -56.8620 58.1656
307.8745 -58.9606 58.1494
254.2722 140.0585 294.7739
252.4275 140.2147 294.0320
254.7203 139.9692 294.0205
253.5933 122.9909 295.3893
346.1787 -33.7532  8.6514
262.5839 157.8142 288.7750
248.4013 166.6654 281.0055
258.9808 178.8692 281.2273
237.5111 170.5671 272.9447
241.7497 156.5970 279.9954
251.0072 -10.7659 89.6583
242.8592 -6.6246 85.7496
254.0128 -12.8987 96.2867
234.9546  4.0397 101.9504
375.5925 -26.0457 23.0670
275.4078 -57.3548 40.7212
205.5653 62.8882 101.1653
204.6237 65.8742 104.3112
378.4387 237.9688 98.3044
368.9990 245.0337 98.9405
268.9028 -15.5901 192.9143
275.7186 -19.5538 195.1972
273.7069 -17.2715 201.2824
348.4172 123.1650 293.6796
345.2647 139.9115 294.0297
346.6065 122.9558 294.3184
347.5042 139.4791 293.2070
274.6479 60.2010 290.5997
277.5403 42.2818 284.2290
268.5803 68.1366 291.5753
289.9677 48.1436 289.2388
372.3904 -18.5820 33.4829
371.5454 -19.0781 35.3279
279.9414 -24.7317 201.4357
261.2731 -19.4236 193.7159
282.6366 -25.6752 192.4999
298.6922 -27.2415 201.4750
298.6842 -24.4224 189.2678
270.7395 -21.7821 190.8746
298.5465 -27.5658 191.6190
362.3828 16.9047 237.6361
346.4274 13.5426 248.9768
295.7328 -34.7200 10.9831
289.2490 -42.7603 15.4226
266.9527 -30.1669  7.2761
238.9591 -18.3138  3.1910
266.5515 -36.7193 10.8739
262.1059 -15.4453 95.3989
264.5548 -16.6556 90.9640
351.6546 222.9556 236.9834
337.2511 227.0016 243.1229
239.3446 -10.1516 83.0621
233.1421 -7.5227 77.2311
239.3012 -10.2576 77.7213
266.3062 -26.3679 105.2773
407.8662 124.1080 49.4530
262.9364 249.2885 118.4346
280.5834 248.2459 132.6759
273.0993 252.4019 114.8780
251.3736 246.7857 114.9013
401.6878 152.1559 179.7059
397.7555 149.4387 176.3453
398.9212 146.3763 173.7772
209.4948 176.2156 221.4434
205.8460 161.9530 230.1860
206.9608 170.7426 207.1036
206.1195 151.4252 241.3770
201.6665 145.0760 219.4267
208.5889 168.3923 237.4870
412.0409 173.3601 111.4846
415.6113 163.3913 110.3606
416.0495 153.7086 110.1788
417.5481 165.1260 105.8231
205.8794 109.3032 181.8797
205.9653 132.0825 208.6555
205.1384 132.6716 215.4773
205.9303 120.4324 215.4632
227.9039 224.0712 64.6697
239.3092 234.2469 61.5633
220.6735 229.5095 85.3916
212.2606 34.1109 217.1161
211.9910 32.5005 209.3603
292.2471 -30.3143 149.3518
183.6810 104.3516 128.0275
187.3498 97.1097 138.4567
188.6316 113.7015 140.1702
186.2341 116.7832 134.2156
188.1234 114.6441 139.9076
189.2603 117.4411 143.5637
188.9632 109.0012 147.3609
346.8796 249.4622 83.3665
328.1523 251.8438 92.0835
320.5378 254.0812 85.9019
308.2503 -20.8575 182.3491
316.0066 -18.7159 182.2125
309.8913 -20.2016 184.4331
315.7506 -19.2508 179.6506
324.6368 -15.1153 177.4989
312.2401 -15.7662 183.7300
268.3586 171.8558 286.4513
282.1482 159.1103 292.6137
279.7080 143.9274 295.5033
299.3159 140.4141 297.1186
402.7057 197.4188 87.4369
403.1104 195.4885 83.5489
406.7052 188.3425 85.3291
396.4038 207.7308 88.9598
401.2344 198.2092 95.6948
394.1022 211.2186 84.5993
366.4676 -28.4227 38.5957
369.1717 -24.1653 43.8165
366.6043 -20.7916 37.9391
415.5294 116.3702 137.2893
414.5574 116.9044 143.1948
414.5754 115.1810 139.7500
412.2485 114.6330 139.0842
306.7829 253.3732 117.6302
307.5573 247.5906 137.7350
326.4429 246.5587 135.5782
312.7791 244.1517 153.4705
366.1652 13.1501 186.2328
387.3199 29.0928 186.3404
378.9019 23.9337 185.8663
267.9823 -8.1578 187.0858
281.7759 -13.5815 187.0700
288.2339 -19.4582 187.9632
257.5862 -6.9168 187.6627
291.9200 -16.3057 187.2040
307.3917 -16.3591 187.2233
198.0608 154.7125 180.2052
198.3415 160.9856 174.7638
197.4177 151.9608 175.3327
202.9782 177.0130 174.7147
196.7546 144.7140 214.9164
198.9835 69.9577 126.3143
351.1752 251.9312 110.9599
335.0090 255.7439 110.2125
333.9848 256.8431 111.0311
358.8127 242.1158 130.3759
342.9600 247.6872 134.3050
413.4266 123.1806 144.0234
414.4057 124.7142 141.8916
411.0129 124.2187 142.8691
410.3204 122.6153 144.2265
242.6146 77.3618 288.4043
227.8775 85.3841 280.6922
420.8918 114.6060 101.2422
420.2570 154.0126 110.4316
420.6310 159.1138 109.4962
422.2562 159.6930 110.1864
354.4083 159.9155 281.5875
360.2654 142.8068 281.5948
207.3608 187.0858 56.6612
221.3773 212.6993 56.4114
201.2548 161.0375 53.9867
208.6076 200.0858 59.9247
199.5228 178.1787 59.6674
209.9466  5.3170  8.3284
210.5775 -5.7369 12.2342
190.6051 115.3887 133.4238
185.2758 126.0285 115.9355
189.4730 139.6028 125.4149
414.4858 82.6333 100.8124
396.5246 68.1904 106.3289
203.4669 114.6624 172.6886
197.7987 121.7057 169.8128
206.0393 123.7004 176.7192
241.6879 247.7973 96.9658
256.2809 253.2326 96.9564
280.1411 260.1447 97.2702
254.9496 255.3673 97.6889
179.3791 99.3691 73.9989
178.7234 120.3690 71.1342
179.3120 105.7316 66.5180
181.7813 90.3629 61.5974
216.9082 178.3717 58.5358
212.5366 156.5957 55.4471
203.9873 164.3469 58.2341
186.5059 121.6576 134.5820
186.0779 117.6097 135.2108
397.2773 62.7530 145.1748
395.3055 57.6214 149.1559
403.8263 80.6400 131.9916
396.8751 53.9514 146.1143
393.0664 53.2236 149.7169
212.5731 180.1836 244.6392
214.8595 188.0784 239.7053
202.9308 158.2148 245.1214
225.2146 197.2410 250.3880
221.7918 169.5257 264.9206
259.5408 -36.9785 51.2008
413.9552 160.0598 88.0934
414.2702 161.7058 78.9134
418.1850 159.7939 98.8545
324.3580 258.9043 109.1850
307.4704 260.9488 98.2003
320.4640 260.0718 97.3164
247.2219 246.7506 63.6461
273.1208 259.1505 88.0375
269.8907 251.9224 65.1249
285.5893 253.5841 64.7279
279.3279 92.7170 302.1290
286.4360 90.3953 302.8631
283.0646 103.2801 302.7478
269.8626 92.3217 300.3895
380.4383 31.8169 130.4236
376.8161 26.6444 133.6417
381.7554 30.5294 117.9993
381.7128 33.5984 119.8235
183.8965 139.5495 79.4327
182.1650 136.3619 87.5518
183.5442 127.2807 80.6508
309.0035 -47.5561 94.8435
298.8112 -43.1936 96.6476
307.7672 -42.6599 96.4594
293.1996 -42.7435 96.5274
310.5472 -42.4241 96.1763
312.3870 -46.9975 94.3724
363.0628 224.9553 157.4145
362.8528 231.0804 136.5752
370.1883 224.3473 136.0454
370.7669 233.9392 117.3369
369.7346 217.0211 159.7995
380.2019 211.4013 137.6867
385.3360 221.2006 114.8747
187.7430 75.3606 94.0420
187.5321 70.1872 94.0947
202.1574 203.4842 95.9787
197.4427 197.9966 86.5470
201.2765 203.9853 84.5866
193.8622 187.8371 93.8494
387.2908 -0.5805 58.6904
220.0893 21.0121 212.1487
216.8263 21.0617 199.7455
212.9234 24.9559 196.7561
215.0908 13.3748 192.4913
227.1303  1.6954 200.5017
217.0368 11.7264 200.1618
225.8491  2.1084 192.8407
195.4954 137.2794 153.5886
405.5885 103.4618 228.0347
332.1471 -12.7072 192.0593
394.8373 133.9630 239.6021
397.6084 135.8447 230.5055
395.4364 117.1288 238.5581
392.9133 138.5597 248.2070
392.6341 150.1182 247.4118
220.7682 79.8206 273.6659
214.1222 99.6693 268.6067
230.7490 63.6173 277.5807
242.5624 216.7682 240.8059
241.4031 219.1948 230.0909
247.5033 223.3071 233.3858
252.7542 221.1998 245.6277
236.8649 22.9666 146.4993
417.3142 75.7093 53.3035
406.4199 67.1448 31.5260
399.9852 39.1839 19.2823
414.3572 59.9698 48.0739
196.4140 89.8086 125.1315
199.8726 81.6071 112.4487
187.1047 93.9985 111.8513
189.8599 94.5962 126.9172
191.1583 93.7873 134.9366
200.5801 86.2867 133.3876
256.7291 82.3630 295.3203
354.6728 144.3700 291.0687
353.4755 123.3315 292.7321
376.1148 15.8391 210.4925
374.8075 17.3069 218.7405
266.5447 148.7082 296.4872
276.0470 133.2318 300.4310
270.1112 113.4267 300.4362
281.0983 113.3896 302.3070
286.9442 129.7608 301.9728
201.3876 70.6672 133.5447
201.1418 71.6944 130.8570
198.6795 71.6276 130.5616
187.5122 91.8775 138.2801
197.1433 65.5887 174.8527
197.8396 62.8135 173.0497
395.9746 55.8436 83.5207
401.4366 60.8381 84.1285
404.3688 49.2934 75.7698
407.0736 57.5841 79.5065
398.5853 65.3016 88.4895
364.3984 19.6702 168.6539
315.6436 84.9806 302.1810
225.0044 205.7024 235.0432
219.2690 201.3645 217.8732
235.9679 215.5127 243.8974
235.2701 218.5753 234.3427
228.9016 218.5334 194.4993
230.3569 24.9436 149.6856
241.8181 13.0793 153.1179
242.4254 14.9562 153.4467
251.4846  8.0324 158.5634
357.9113 250.7641 97.7830
190.7447 116.0128 161.2988
189.0974 117.0762 165.6058
188.3946 116.3819 161.8077
188.3337 124.5806 159.1518
188.2054 117.6812 159.2027
190.3277 118.1446 157.9031
402.1154 54.6703 209.8124
399.3191 48.6287 211.0990
402.6814 62.1704 210.6803
410.7268 117.8680 143.8146
413.8666 120.4632 144.5599
315.6617 -56.3991 58.8226
321.6231 -52.6716 55.2121
322.0644 -53.6770 54.5979
327.6053 -50.2978 54.3187
195.4710 33.4525 41.2882
190.4335 52.9297 44.8195
310.2133 95.3242 303.1679
316.5692 98.7094 302.7732
323.0283 101.9092 302.1230
312.3774 122.0877 302.3290
197.6224 46.1976 74.9131
198.0440 37.1719 67.2399
207.2092 47.9559 80.0375
193.0495 54.4453 74.9258
196.9293 60.5539 209.5941
231.0786 -25.7975 13.4483
242.0218 -20.1328  8.1916
229.5502 -18.2914  9.5443
235.7341 -10.9560  7.1884
252.5419 -30.9281 12.6889
249.9841 -18.1522  8.0209
201.6470 59.6432 138.7387
203.2868 55.9644 133.7974
203.0690 54.2467 135.2529
410.5416 124.6001 165.9927
410.2876 120.7462 167.6001
408.4539 118.6855 166.8900
408.9891 116.3078 164.4225
216.6937 -1.2566  7.9450
411.0315 109.3044 147.6043
410.7624 113.9876 145.7243
202.4685 100.8312 173.2746
205.8828 103.7455 176.8949
203.9765 91.4782 174.8916
409.2370 132.8641 151.4528
408.7852 131.2993 150.7807
409.2133 130.7052 147.3577
406.1798 128.6663 153.5386
408.9460 128.3741 154.0820
226.9102 175.9070 260.1818
227.4900 164.1352 266.3952
208.9991 158.8850 245.5676
368.7051 224.4414 163.3399
379.1836 211.8844 161.7487
368.8596 227.7929 148.6412
227.2728 148.9984 270.6573
212.2021 144.4764 255.4867
220.8837 132.6541 267.9701
201.0684 104.9981 226.7981
276.9719 -53.5045 36.6709
293.6840 -56.6679 44.3064
289.1782 -55.0071 38.0273
265.6175 -48.2338 28.7058
273.9481 -50.9948 42.3247
285.4948 -55.4378 47.2248
397.3918 154.2071 187.8575
396.7181 148.0553 200.1104
397.3481 154.4907 192.6174
394.8935 152.6282 175.8205
393.5309 150.3601 181.9876
397.4720 157.9175 177.3922
393.2738 147.7388 189.4824
398.4029 91.0461 244.2215
397.3373 90.8813 245.1628
402.6646 66.8815 212.9512
213.6275 82.6624 258.7722
204.4679 72.2946 234.7178
394.5666 114.7598 45.6283
220.6703 235.4328 88.7129
213.0965 226.7565 89.5622
227.3950 239.7559 89.2480
203.6795 215.1965 89.1180
212.8996 226.0668 97.7346
226.1765 238.5279 97.2420
238.8442 16.5040 172.0317
232.4292 28.9165 151.1749
228.0564 25.2424 171.6356
220.0645 36.0583 166.3921
233.6469 19.0464 186.7908
301.4696 -21.2856 183.5069
297.9975 -25.7976 184.1439
281.2625 73.4630 299.9321
401.8360 67.2845 98.6978
403.1299 71.0921 100.8073
188.9281 65.9904 92.0385
208.7421 133.5087 253.2179
397.7086 67.1821 135.3047
397.1102 64.1370 134.4197
396.4241 62.0475 131.3873
400.4647 63.7359 96.6004
400.3889 60.6501 94.6824
398.2535 61.4295 92.4007
398.2977 56.4631 92.9946
390.7622 59.5441 136.7188
393.3401 57.1376 128.1592
395.6743 68.2182 120.7199
395.6793 64.1689 112.9328
282.9043 -25.9787 174.4505
197.6530 75.9485 101.8010
392.8617 57.8200 111.1726
356.2009 123.4188 292.9435
351.0885 123.2817 293.7019
352.6229 123.3093 291.9860
338.4297 256.9884 97.6109
341.8420 255.2181 109.4288
193.6990 109.8863 142.0468
380.5301 -24.3165 21.0101
244.6959 238.3468 55.6479
218.5845 215.9349 59.4356
335.4400 -20.6333 194.4469
343.9470 -16.6478 191.9053
347.3061 -14.8471 201.2139
329.0935 -22.2934 201.3916
350.1238 -11.6269 201.2263
332.8117 -19.3407 201.4542
418.2927 177.0556 106.9064
395.9249 195.0300 139.6399
396.8249 197.9610 133.4811
340.3492 -0.5574 240.3885
353.2457 -6.8915 214.0501
351.6395  5.2776 240.0219
364.5443  0.0620 213.8064
362.5136 12.2336 239.6058
348.7982 15.0440 256.8982
338.0926  9.2040 257.1961
333.5073 237.6784 196.3150
244.1961 16.1362 252.5196
237.4881 12.2334 239.6053
248.3607  5.2776 240.0203
264.8009  7.8721 257.3081
259.6524 -0.5574 240.3883
238.6512 -2.2206 213.9130
205.9279 194.5898 144.8524
204.6672 194.7267 141.0515
205.9470 188.9448 163.5326
195.1787 155.5415 165.1419
195.5735 161.8918 146.7533
203.6907 173.9827 217.0484
206.3338 185.3027 182.0076
195.1997 149.6050 172.2419
371.6211  5.2659 211.6741
360.0757 -3.1857 211.6301
365.6983 -1.8370 200.9093
228.9252 12.9444 217.5797
235.5314 20.7220 240.6249
244.9775 10.2865 234.9549
241.8866  2.9717 217.4113
244.5036 22.6151 252.9525
260.7458  7.1622 245.5156
398.1609 149.2474 210.9081
397.2367 143.5686 214.0104
375.5107  6.1270 200.5279
384.1911 15.5331 200.2390
379.4993 12.5382 211.2377
374.4030  8.9982 212.6017
204.2844 180.0470 203.1963
404.3675 40.5231 79.2821
404.7151 44.3906 81.7075
404.0313 46.4121 79.4378
193.2288 114.0248 154.2987
192.8241 120.2290 149.6946
193.0865 111.9829 153.1964
192.1192 111.0192 147.5613
192.4205 110.4153 150.8251
190.0117 112.2569 154.8775
191.9103 116.0393 145.5989
378.2421 -20.1938 38.8426
382.0763 -18.8461 38.9838
380.3460 -19.6969 41.4857
382.8783 -18.1415 35.3289
379.7823 -19.4737 35.7597
403.7688 180.7519 65.6105
410.1378 161.2875 65.2974
413.4905 189.7818 86.6632
420.7042 165.5422 82.3976
369.4687 207.7446 246.0636
365.5789 200.4165 259.3895
382.6542 195.2764 232.1708
385.5268 183.9543 244.9663
354.0611 -34.3915 32.5520
320.7086 -43.5950 91.4054
244.4650 238.3855 148.4906
247.7162 244.8834 132.0211
297.0869 -21.8178 214.5620
307.8894 -21.5201 214.5955
314.4671 -15.9112 225.5903
300.5095 -11.2053 238.5004
285.7333 -18.8821 219.3585
275.9198 -18.7620 214.5092
304.4653 -21.0665 213.5176
243.6947 229.1163 59.5361
370.2040 235.7523 96.6974
383.4368 -19.1405 27.4946
383.4776 -20.5664 25.0769
381.2149 -23.0385 23.4422
379.9800 -14.7717 29.7412
416.2276 151.9185 104.9338
415.8372 143.9432 112.0312
242.7489 251.7939 88.3307
236.2400 245.6817 88.3805
218.7915 235.9290 88.8278
207.7652 224.6003 89.3115
404.4498 131.9774 160.0793
400.8336 150.6271 168.8851
403.8798 142.4150 163.3707
215.6677 182.1618 235.7500
296.9367 -60.2322 38.9797
310.7389 -60.4839 45.4151
299.0892 -61.0273 45.9965
315.9555 -59.2134 37.1271
313.8995 -59.3474 49.9113
369.1598 -19.8325 42.0241
413.8267 118.3206 134.9326
382.9123 46.1252 145.8870
383.1400 48.0331 160.0389
389.3269 57.8163 160.6296
376.2004 34.3849 142.2114
374.6756 37.7882 152.0426
390.1880 57.1316 149.7869
282.6968 121.2004 297.8442
315.5739 137.8299 296.8237
278.6193 101.0737 298.0475
326.5722 121.0691 296.4497
188.1463 121.3375 157.7377
311.9647 -24.5906 182.0010
255.5083 -7.0067 125.4834
309.0594 -37.0984 111.8680
349.2057 179.4331 282.8838
361.7229 173.9202 277.8394
359.5903 191.4724 271.0603
372.3477 184.3151 263.7936
340.1397 188.1839 282.7364
226.5803 -8.1382  6.6479
306.3652 -25.1880 171.6854
202.5898 65.3102 239.4375
299.7235 -49.1411 18.6900
322.0254 -57.2138 33.3438
307.8560 232.3554 243.9373
354.7733 158.3362 286.7942
415.6032 100.2590 110.9470
414.3916 97.8971 118.4019
410.5771 94.7887 124.0632
353.7488 246.9881 65.0411
289.3442 74.1594 296.7391
273.9953 83.2131 295.8023
412.9867 124.9382 64.3593
404.0968 138.5192 56.7484
403.5878 122.6641 50.9101
216.1488 15.2350 200.1982
208.7368 22.9900 199.8144
212.0963 192.3287 162.5633
214.6072 -18.8096 28.9003
217.9531 -22.8016 30.4896
211.2547 -12.4854 31.4028
202.3424 31.0242 67.2846
196.3052 34.9258 51.2004
193.5735 45.1551 56.7886
191.4769 53.3959 60.7340
315.2962 -55.4675 39.6542
301.1259 -46.4692 22.5769
205.2793 210.5960 85.1914
211.4045 218.9753 85.4280
330.1579 47.2118 284.3753
345.3059 71.6317 287.9226
390.6070 21.8793 199.9066
396.5415 32.3526 198.9376
403.2621 51.9627 188.9421
398.9239 37.8014 189.1491
251.1522 213.6311 261.2485
274.1195 211.2101 271.5253
387.1016 41.0673 123.0049
189.8602 110.2089 149.9012
391.2584 225.3166 98.8469
235.0704 16.2930 163.6729
231.2568 16.4656 172.4385
248.8497  3.6604 176.3908
327.2696 259.3771 87.9203
320.3164 260.0550 87.9950
335.8379 255.7491 87.9856
360.5373 247.4566 88.3319
362.7216 67.5277 283.3340
395.1868 83.9317 236.4154
395.9175 99.5957 237.1109
398.5391 94.8514 224.2577
390.7273 101.9109 254.6580
398.7395 111.1250 233.2347
392.7317 108.9995 250.8424
421.9883 158.7998 103.6478
423.0866 148.8061 100.7622
422.7127 162.8402 106.6294
423.0356 160.5610 104.4855
234.5713  4.3144 203.9436
225.5640 11.2594 200.9261
253.4935 -4.0515 216.6374
252.0306 -7.0428 203.6963
236.1431 -0.4408 194.0594
246.6940 -6.6697 197.5680
214.5339 33.9169 114.0785
212.5411 32.7947 120.0455
214.1069 35.1125 118.9354
215.0889 33.2898 136.3056
211.7831 38.1865 114.2686
215.8015 35.0706 134.3030
285.6686 -19.8888 213.5688
277.5410 -19.3269 212.5816
296.7985 -22.2369 212.3995
306.4759 -25.4181 201.6113
310.3609 -21.5486 212.7519
285.8018 -24.2999 201.6083
348.8350 86.2166 289.0248
357.6650 192.5451 265.6976
353.1914 182.2968 274.3776
248.1578 238.1720 59.7085
204.1706 111.7717 254.9199
204.0792 134.1424 252.3882
203.2756 132.7340 253.2808
201.5228 76.8447 128.6775
203.9532 74.5673 130.7514
176.6163 123.9622 88.4331
177.6078 157.9868 98.6737
176.5842 140.3287 86.0621
346.9760 -33.5151 14.0717
201.3796 98.6120 180.0617
200.8068 144.5112 173.7924
201.8345 144.4330 175.1953
189.5472 103.2175 153.6471
191.3456 117.2657 165.9135
276.9334 -7.9536 190.1288
198.1057 106.6951 238.3966
196.3577 109.4989 229.2959
197.6219 105.5641 235.0765
196.5273 110.7102 238.3668
198.0234 110.3766 237.7194
403.4938 66.4555 213.7351
402.5037 56.0937 211.7564
399.6393 77.3311 238.0823
396.8299 61.4302 237.9136
398.0142 42.0588 212.4979
225.1640 10.8314  4.1304
218.1005 13.0093  6.0433
392.1366 85.2216 248.7977
200.6741 63.3172 134.6854
202.5333 66.1370 135.2817
370.9551 -15.4487 50.8484
412.8904 62.8316 58.7826
404.5286 21.4185 39.7664
421.1793 91.0674 71.0884
328.9132 -17.6716 212.1984
318.9254 -23.2422 201.5594
210.8725 119.3523 257.2077
219.8367 98.0344 268.2997
241.9239 144.0504 288.0200
226.7296 140.5757 277.7652
219.3279 114.0341 274.0030
358.9027 142.2191 287.7628
374.8872 121.6055 278.4592
361.2408 110.2829 288.6506
201.2359 81.3476 34.2949
206.2034 61.6797 24.2451
196.9544 98.6554 42.8798
190.3218 128.3707 145.4779
192.3699 126.2056 145.1995
192.7253 129.9952 146.5236
193.4627 131.1860 150.3582
387.4330 225.7762 97.8345
377.2043 235.5263 97.3716
374.1510 238.9729 88.5932
367.2243 243.0530 97.2682
390.3006 223.3770 89.1654
191.4565 122.1401 167.3873
241.5427 112.3891 285.0607
228.9191 97.8472 276.5058
229.9763 124.2343 276.4856
201.2048 129.3374 221.6509
224.0003 16.6110 191.3999
217.7092 16.9358 194.5594
226.2073  7.4663 195.4743
230.6953  7.8949 192.1741
379.4215 30.9961 85.4115
387.4172 45.1832 85.3982
381.6736 33.5167 82.4451
394.8019 50.2648 80.5927
390.0964 37.0082 74.5106
254.7479 20.0216 257.6206
267.7968 19.5576 264.5879
317.1737 -27.9084 107.6426
311.4176 -33.8403 104.1922
311.4455 -32.0122 111.1202
297.5951 -35.1104 116.3221
299.1812 -33.4335 111.6496
317.2975 -32.8274 115.3627
303.4540 -37.4947 119.5581
241.3390 233.9766 159.8121
255.8818 242.0646 156.5382
237.0315 -8.8594  3.0905
233.3784 -11.4738  2.8590
226.6279 -2.8894  1.0481
328.2498 -5.1607 240.7665
326.6324  4.6092 257.4927
258.1561 -12.5583 214.2338
272.4685 -2.1180 247.1109
409.6305 127.5674 145.2492
409.9310 124.1687 146.1397
407.6036 128.1285 145.1856
202.4141 -0.0241 30.8632
389.2224 30.4585 76.2830
358.5701 237.8954 143.8649
348.1029 239.9973 158.8675
355.3854 236.1395 160.2467
337.9554 241.8809 187.4773
337.2831 244.2875 155.5067
231.1851 -5.0629 78.4798
221.0062 13.0376 97.6487
216.2044 24.4372 106.0147
230.2273 -4.0959 82.6711
399.2881 106.6383 176.8528
406.0210 99.6208 174.4676
398.4970 124.2933 176.7028
395.8183 103.8126 254.7052
395.5656 103.6543 253.4903
395.3933 109.0090 254.5289
396.7964 105.6768 253.4919
187.1995 99.7634 125.2146
399.6384 31.0292 64.8889
403.1473 32.8620 50.2210
397.1774 32.3626 67.7658
401.1045 37.6746 69.6912
406.7344 45.8954 56.8937
412.3537 192.0824 96.7787
402.1733 210.7014 98.6414
406.9371 203.6320 110.5749
303.9195 43.8019 287.6286
308.9683 30.6227 279.7965
319.6225 35.6980 281.2991
328.2594 -54.2587 43.0531
315.9480 -56.7130 56.6022
421.7664 100.8080 64.3048
206.6184 42.5158 17.5284
383.0020 213.4751 141.6523
387.8887 229.0650 89.1711
379.4314 223.6559 65.6030
403.4988 204.6336 88.6101
402.9750 209.9756 88.8170
403.5685 132.4966 227.9062
403.7732 136.3329 226.3789
404.2371 136.0273 224.5779
402.1302 132.1185 227.8201
401.6174 132.5247 229.8918
313.7286 -3.8352 250.0365
390.2247 196.0495 164.9315
395.7255 179.2135 205.2985
396.1956 169.4234 230.3668
397.1771 167.4414 236.3860
410.5065 117.1733 146.3982
410.0524 120.8564 150.1730
397.8852 74.2654 218.6060
398.8511 87.9953 216.3343
398.1589 60.7438 215.7335
300.4365 242.7643 187.7170
317.0817 239.2903 211.3750
190.1219 124.3529 146.0321
192.5764 123.1433 147.3225
192.3329 121.7003 149.2723
189.6033 121.8103 144.3507
189.8508 120.7159 150.0257
351.1190  8.2119 184.6558
243.9191 240.1334 64.3531
253.2352 243.4086 63.1465
222.4825 28.5506 103.2750
217.1777 39.1275 114.6452
393.8862 41.0308 117.9575
393.5064 40.3084 136.4861
391.7596 38.4672 136.9009
333.1304 -49.1196 31.5759
331.9836 -41.0507 18.1038
326.1951 -49.3467 28.9144
317.1504 259.4573 110.7976
381.0191 28.2976 77.4170
375.2275 20.2623 78.7718
374.0615 21.2191 97.0435
376.5189 17.6291 72.3087
408.2254 113.5935 145.5966
407.8190 117.3104 146.5241
402.2638 136.5512 225.9048
403.6064 138.8519 226.4971
385.1079 37.6603 137.6749
385.3044 39.7371 140.4400
392.4247 53.6460 152.9020
387.5648 46.0620 153.5955
229.6051 33.4168 249.6132
224.3762 27.3688 233.7562
393.1060 212.1713 98.6018
390.4811 214.6053 95.2740
203.4148 198.3271 133.4619
193.6969 166.5962 134.9423
176.8692 162.9954 106.9463
373.9664  7.3970 213.5359
371.6380 19.7649 239.3905
359.0600 21.9749 256.6016
225.3922  7.9961 213.5355
228.3648 19.7632 239.3896
391.2412 199.8292 133.2389
298.6334 -25.2925 173.2463
302.2421 -32.5219 142.6338
313.2838 -29.6407 145.2632
200.9978 76.5567 98.7619
204.4340 68.3871 97.5712
203.9681 64.3756 90.8619
212.5989 56.1049 96.5161
238.3967 241.0663 63.2128
242.1290 251.6562 85.7794
231.5714 245.5113 85.9631
223.1609 227.0773 66.2076
243.8565 242.5229 57.9615
203.9391 53.0731 88.2750
202.5960 52.4325 90.8092
202.1506 54.7056 87.8081
204.5395 50.7932 86.7470
253.9836  2.8092 160.4760
269.4270 -11.1544 173.0177
270.2129 -7.7198 173.4375
327.6911 234.1516 229.5643
341.9977 229.4707 230.6373
326.2303 231.5596 239.4077
394.8464 91.1993 175.8385
393.9837 85.7280 180.8003
369.0009 -4.8612 78.6304
366.8092 -2.8550 77.6127
198.1927 159.0493 140.5186
194.0634 160.1298 129.3868
197.6363 74.4830 92.5995
196.3655 135.8611 55.3036
201.3780 144.9431 54.6376
395.6267 47.5781 113.9205
394.5789 63.3758 104.0074
399.5359 63.2627 107.7199
315.4412 19.4038 270.0828
333.9611 22.8876 266.7835
352.4821 33.9308 265.8807
355.8264 25.1530 255.3810
336.5238 36.0228 275.7849
318.7799  7.8682 257.4659
225.2609 -14.7130  4.6326
315.5351 -46.0144 93.3609
291.5035 254.3177 114.3168
280.7119 254.0680 110.1614
349.5986 140.2188 292.5017
351.7747 139.7628 291.6245
350.6630 123.5384 292.6861
356.8023 123.1939 293.2798
205.9229 190.2517 165.0567
362.6651 -17.2307 37.3241
363.4935 -19.1280 28.9622
361.2434 -27.3669 35.6152
214.7712 32.8164 85.1716
203.4175 48.9683 88.8819
204.7838 44.8210 86.5897
206.9073 37.1551 82.6881
205.6130 41.3056 84.8790
341.1818 250.5124 107.5537
341.8923 248.4263 116.8371
332.8114 251.1483 115.7335
334.1436 253.4226 102.8461
249.2845  2.3565 186.6269
226.1521  3.0683 190.2831
231.1226 15.0522 186.2310
218.3782 26.8578 185.7921
266.8616 -24.3911 84.2953
288.2791 -47.3843 79.2176
240.9114 -34.9379 20.7135
247.8679 -37.7187 18.9962
250.2071 -40.7057 25.4529
254.7649 -14.1128 201.2789
266.6615 -19.1043 201.4417
259.5389 -18.2260 201.2849
195.1041 53.4118 50.4102
191.7884 66.5199 56.9871
188.4760 65.7751 65.5570
305.2155 -20.7177 185.2466
219.3709 23.3533 217.5682
258.6706 -42.5691 36.2031
261.6973 -46.8048 30.1876
257.5155 -43.9881 24.5052
323.0960 -16.3777 175.4054
332.2859 -9.7494 171.5954
335.2594 -7.9290 165.4167
322.8270 -11.9456 178.4872
246.9322  9.2350 188.3177
323.5548 -27.2362 110.4094
331.2457 -22.3248 105.8501
327.3204 -24.5856 114.4958
255.3089 117.9986 298.2510
245.3277 113.4417 292.8191
253.2774 117.4438 297.4085
245.4749 117.7751 292.7838
325.2150 -24.1356 97.4585
331.8997 -18.0828 97.6494
333.7590 -18.2629 91.3304
410.6502 71.8717 92.2665
400.0530 65.8754 94.5230
399.6165 65.9297 95.4221
400.8620 69.0215 96.2630
388.2534  1.8939  6.0562
401.5572 19.2896 27.1883
312.8590 -34.4096 126.3137
182.8760 118.3462 106.6796
196.1894 105.3552 229.5807
194.8506 105.2314 230.2104
407.3100 106.5805 172.3160
205.3994 194.0805 149.8403
219.4882 210.6389 159.4792
232.7402  3.0817 212.7964
219.8776 14.9232 212.3081
213.2823 21.4508 211.2162
222.8023 10.1551 211.4270
236.6609 -1.0132 212.0041
249.3575 -7.4711 213.1086
318.4079 -25.1104 201.5135
312.6858 -26.6329 192.2322
404.0858 81.5532 198.7315
264.5731 -40.0708 11.4428
254.1858 -47.4882 22.9219
212.8370 13.0038 10.2764
210.7786 31.3865 12.2715
406.1322 54.9784 83.7697
233.2334 220.5139 159.9145
224.3229 213.9513 145.9812
210.7874 197.7899 141.0065
227.5533 223.1236 133.6239
395.6382 48.6016 144.5300
385.8629 48.6819 170.3927
393.3173 57.9205 182.9640
258.8311 108.8716 292.6481
420.6577 164.8161 91.7568
417.7473 176.9494 95.2816
423.4047 140.7823 86.2464
420.9072 128.0685 81.9563
419.1058 158.2529 89.5805
395.6965 178.0563 203.6014
403.3033 144.4739 215.5183
397.2270 167.1566 234.0467
178.1467 159.0379 103.7634
176.8717 161.0910 104.3556
251.1354 123.2234 294.4661
255.7506 122.6932 297.5060
256.1271 88.6216 291.2237
245.2615 81.1676 285.6574
320.6287 208.9567 274.0308
300.1306 203.2419 280.1454
326.5222 197.0430 281.3018
297.0672 214.4898 271.9343
185.3329 115.3576 140.4407
184.4438 116.4652 137.0968
185.4386 117.0449 143.2869
402.1587 138.8917 225.9532
244.0816 158.0562 286.2262
230.7367 168.5514 274.0195
249.5436 163.3982 287.6799
328.2469 242.7210 150.6879
317.4308 242.8801 166.6961
344.9616 239.6155 143.5780
254.8059 226.5698 236.6474
252.7606 230.8396 208.0662
364.4791 -20.5353 43.3467
360.7244 -25.9739 44.1548
394.3872 82.8047 193.9118
394.3414 88.6976 206.3719
395.3656 196.5068 140.9486
291.0829 260.5884 87.9942
300.0855 258.7842 87.9080
190.7447 86.6375 102.1205
196.6131 82.2004 98.4993
187.3996 84.7942 94.2924
185.2095 89.7571 97.2779
264.2374  1.8276 163.8609
246.6658 231.1576 173.8685
237.7966 223.3333 180.0967
243.2365 225.9593 199.1240
395.4665 51.4190 184.8954
397.8100 51.8254 185.5024
397.1514 52.9048 184.0753
395.0724 52.7170 182.1109
387.3860 34.1702 185.4779
184.5957 123.7646 136.3533
184.2384 119.8998 134.9567
248.0176 -10.4605 190.1799
245.1256 -11.2565 191.9255
237.9649 247.6548 109.7898
238.1287 248.9637 97.9072
261.8172 -14.3550 196.9330
274.7076 -14.7106 208.1233
265.7256 -8.9329 218.0557
283.8730 -13.6311 219.2711
223.0313 -23.0482  9.1750
395.7355 130.1475 252.7593
396.8890 141.3640 250.0944
396.1512 150.0683 248.4653
396.4924 130.0469 253.6468
223.7627 238.6547 110.1234
275.4112 -0.0246 242.8520
273.0488  6.1818 251.8121
390.7466 93.2388 37.5519
398.1722 84.3772 35.1605
369.4303 31.0977 150.7801
396.1027 74.6671 105.5486
391.0459 67.8413 103.8431
211.5466 30.4126 69.6428
403.7073 105.7893 229.4481
405.3757 109.6845 229.3899
403.6837 109.6804 229.4675
358.9333 245.1229 82.2866
350.6902 242.0744 62.6155
197.5572 116.8313 233.8052
197.1246 115.8451 235.0083
198.8074 132.6128 232.2585
250.2446 140.3294 293.2020
248.0226 140.2442 292.2501
248.3544 140.3543 291.5725
240.7573 229.4492 152.8904
245.4905 234.4020 145.7372
303.0863 244.2307 217.8006
308.6063 247.0290 186.6600
290.1304 247.0088 187.6572
322.4737 245.1352 192.8989
317.7007 247.7468 158.9585
300.0010 -4.6317 250.7034
286.2732 -3.8356 250.0360
300.0013  4.8423 263.7547
244.6152 246.8383 102.6359
252.9144 246.8641 93.5061
258.8600 248.6979 95.7137
256.4006 250.2491 82.9033
192.6597 190.6193 109.7555
195.9977 199.6449 110.0328
207.9546 197.9454 132.8374
187.3074 179.1167 107.0513
189.9425 186.7214 101.9376
193.0317 194.0900 103.0382
405.2907 105.4885 229.8302
189.3467 72.5426 63.3647
188.6619 78.7863 58.6816
185.6989 78.4713 71.8446
370.6471 207.8865 218.1985
358.0542 221.1364 222.8196
366.5982 216.0627 200.3695
372.9069 201.4233 234.1105
324.8697 253.7441 82.8400
308.3650 254.4849 81.3589
197.3243 35.8819 77.2278
353.2798 234.4064 149.7766
201.9801 29.3110 70.7613
201.4978 26.9012 72.7896
207.2375 27.8532 72.0811
210.2566 30.6650 75.8923
183.8561 148.9556 77.9166
184.9528 147.0915 74.2129
188.2299 161.4077 75.3377
199.1759 158.1819 59.7164
183.3850 136.8659 73.1957
365.4575 -5.4160 62.7093
408.3359 122.9001 167.2723
190.7850 69.7326 86.9383
194.6032 63.3548 84.2688
388.9041 -7.0846 11.2578
381.5485 -16.0409  8.4202
322.9376 -53.2255 35.2704
409.3322 116.1197 161.2735
405.8342 155.8075 147.4355
300.1644 191.1661 286.7812
323.1702 186.4319 287.1559
319.0775 167.9195 294.5321
300.5124 -42.7168 20.0361
313.3834 -44.8969 20.6913
204.0393 51.8780 16.4781
214.1257 63.1125 17.4140
220.2556 38.5187  6.5862
206.0193 99.3075 35.6382
407.0821 113.2234 154.3809
203.7361 219.0916 98.7723
193.6115 198.2904 96.7506
194.9378 205.8461 98.1996
201.2150 211.2421 97.7355
194.7051 201.3881 88.2679
349.1745 238.3982 59.5406
402.5673 136.0886 223.9742
202.1535 35.6310 199.3725
371.7010 21.0838 136.7547
369.9004 12.7854 116.4908
363.3659 12.9133 137.4789
369.2224  7.2073 100.9640
375.3764 16.6820 103.2355
339.1471 -12.2540 122.7720
397.0141 154.7090 245.5042
399.5484 134.5403 238.2706
394.0870 17.5017 28.1290
394.4162 16.4807 23.2676
396.7411 25.1880 35.6957
396.5327 24.2369 25.3582
337.8399 158.6403 288.5029
333.1891 92.2125 294.9850
384.2022 41.1676 153.9155
379.1227 36.3342 151.1131
200.1238 27.6708 72.8402
200.0449 32.5817 72.6318
203.2951 137.4448 232.8937
202.1960 55.3574 184.8921
325.9744 203.0191 272.0905
330.2796 193.8418 277.1525
299.5350 201.3808 276.1680
391.8859 56.9646 143.6408
181.8662 97.7335 120.2688
274.4163 -5.2432 175.8484
390.3776 177.4086 216.5455
392.2245 169.2339 232.5261
401.7808 37.6146 75.1201
395.4762 52.6571 177.2705
391.6154 50.6547 170.5318
390.1654 47.8190 162.6543
199.1184 68.9265 96.3119
231.3024 51.9839 272.9107
399.6678 57.1247 27.4093
399.2369 40.5358 27.5792
407.0620 58.8818 42.4125
408.4434 72.8493 45.1419
185.5312 124.9580 141.4105
186.1569 122.2693 144.5035
237.2820 67.2259 277.7461
227.0239 81.6017 273.8765
367.1081 152.8616 280.2033
196.9241 115.6290 231.9247
196.9291 116.0507 239.5824
209.1925 202.7089 130.3682
203.1716 209.6217 112.7372
401.5725 137.1837 237.4325
403.9345 104.0389 167.8561
394.5471 102.5363 175.2722
284.5152 -35.9089 105.7306
286.7558 -41.4101 95.6093
196.4831 61.8901 211.6820
196.5487 66.5548 213.8035
396.2363 163.1887 240.1484
350.4146  5.5579 154.0442
413.3123 178.3273 101.8268
409.1744 186.7219 108.5751
403.6433 200.4849 110.0135
409.4315 188.8107 102.0710
403.7467 36.9972 77.4920
320.6108 241.7471 182.8246
387.7252 58.5064 255.3911
392.6978 50.2378 238.5582
392.2286 74.2655 255.9310
330.2006 -12.2700 12.7436
205.8474 184.1628 141.2914
402.4837 79.8944 36.1094
189.6889 112.7194 146.2106
200.0035 50.4917 211.0553
199.1789 49.5083 212.0799
205.8234 93.6710 179.3231
178.1115 123.1969 106.2129
197.1234 41.7635 48.4605
198.7341 40.2331 43.0654
208.3704 212.8379 95.6165
202.8303 210.2547 103.3735
213.4522 219.3088 95.8682
201.3167 71.9471 179.2419
267.2337 -15.2472 213.4584
234.0578 -3.8106 200.7978
224.9999  5.7429 200.5369
188.1735 174.0728 81.5968
187.3421 167.6243 86.6361
186.0558 165.2197 81.1078
189.5903 117.0967 146.3455
217.3365 27.1768 106.5839
213.8166 36.9349 110.6187
212.2084 39.2888 171.6795
215.7842 33.6750 168.1598
286.8508 -40.8072 117.3213
182.0327 138.6419 119.8240
187.5856 146.5715 131.3147
384.8913 43.9469 157.3239
198.5984 116.1635 239.3867
198.4466 137.0755 237.4808
389.6394 31.5870 69.7247
251.7307 253.0386 110.8719
242.1855 248.4432 110.4818
359.0546 247.3862 97.0658
346.0952 252.2450 96.8872
329.3160 256.3612 96.7158
297.4967 248.6738 63.3850
313.5289 247.0563 60.5687
223.8190 -13.8247 55.9746
215.8871 -6.1457 56.3682
405.2224 68.1096 188.2181
207.4063 30.9702 212.7590
208.8635 30.7085 211.7583
401.9653 75.2727 102.1747
401.5153 73.1560 99.4303
402.6506 76.4761 101.4247
403.5304 74.0204 103.6446
269.0718 -31.3805 87.8039
411.1443 115.6881 141.6979
205.5568 33.8737 10.9868
198.4175 47.3658 21.1546
177.0381 145.3756 77.5300
212.1093 45.3960 158.4110
423.3804 125.9695 72.2862
333.7690 114.9097 299.4985
259.6256 -37.8018 44.7726
275.0289 -46.9158 50.5931
285.4632 -50.8793 64.5209
278.1191 197.5097 281.6614
263.9014 182.0970 286.5124
245.3198 144.3759 291.0933
388.6819 130.3556 264.0618
385.8846 95.1357 268.2953
382.4352 71.4474 268.5039
376.8378 78.1213 275.5818
380.5685 101.8817 274.3155
340.1910 -12.8706 89.0530
345.7831 -13.0828 95.6047
323.4412 19.4213 274.0059
307.5277 19.3926 277.0654
367.8398 41.9266 260.2952
370.7313 32.1028 247.7421
211.5306 41.9993 118.2510
346.9152 113.2947 297.5330
346.3256 117.3974 295.9777
355.3896 113.3284 294.3419
346.7433 112.9495 295.8800
368.7774 88.2939 283.1033
379.0713 14.8241 74.4614
389.0100 24.9570 76.3744
382.3903 15.9823 213.2300
356.3562 237.1386 133.1989
197.2651 134.2256 216.1449
196.2503 134.2251 217.3179
369.1222 -23.7282 38.1095
232.7738 16.2805 190.4281
233.1245 17.5691 140.1972
410.5599 190.6927 86.9269
413.7012 181.4007 94.2658
417.1542 170.6742 83.4550
398.0823 59.0513 139.3681
407.6948 63.2987 56.2691
405.6862 54.8418 52.2108
253.1659 -10.4224 212.3510
264.8310 -15.4139 212.5854
239.1887 -5.3613 200.9557
422.0498 102.6062 89.3375
356.3627 74.1169 283.3504
374.4189 60.5055 272.3456
362.1652 50.8715 276.7511
366.1943 42.5697 268.8980
350.0988 33.4115 273.1831
278.4387 -12.5787 179.2914
221.0792 26.6325 168.4912
295.8783 232.9912 58.5068
256.2136 111.9910 296.3303
253.6671 109.8964 297.8868
399.0861 71.2851 110.9797
327.1397 -18.9987 173.4409
316.3767 133.0172 301.4907
300.7583 143.2527 301.1205
215.2891 18.7717 213.2595
220.1612 28.6530 239.1693
379.8400 28.6526 239.1697
367.8142 29.3864 256.3196
195.5416 115.0511 226.8784
196.4454 132.3470 227.8649
266.9704 -7.2782 186.3544
212.6997 31.1603 114.8128
218.8609 27.1683 139.4124
184.5375 181.7223 83.5683
191.2265 199.7307 88.0038
199.4399 25.2340 45.4620
183.8126 110.1819 65.0411
183.8347 105.3758 64.2032
186.4298 87.9967 56.7414
395.1518 82.4543 252.0165
221.4538 25.7716 78.9000
215.2439 24.4937 71.6384
222.4333 15.8799 69.8892
195.3097 81.1229 197.4695
403.8626 43.5055 69.4035
404.6339 49.3570 38.4165
400.9412 37.8030 32.2827
368.7716  4.0963 93.6273
374.2727 -17.7746 32.6453
376.6840 -16.9038 33.3770
409.0565 94.9302 135.9161
202.3437 52.0590 190.6701
199.7635 58.2789 192.1046
397.7771 175.2363 62.4591
352.0269 225.4955 243.3619
190.9232 98.7414 135.5790
222.9626 222.4726 138.5626
230.7147 224.3797 159.6477
184.9635 85.6002 81.4386
196.9256 32.6577 74.3913
193.2705 48.9616 83.5004
192.0570 53.4564 85.8289
189.6334 62.0871 90.0160
190.9907 57.4428 87.8157
216.8871 138.4901 269.1280
202.9633 149.0134 249.5127
247.9750 225.4954 243.3622
237.9769 210.5389 253.3332
247.0462 228.4854 233.5113
358.3444 217.2560 238.1313
251.6092 123.0426 293.6860
253.3283 122.9793 294.2734
196.1427 111.5497 42.7037
334.6018 25.3149 274.7206
321.9146 238.7713 234.9302
302.8458 239.9199 239.0518
302.8593 241.7306 233.0232
337.0358 235.7314 232.8511
266.2310 228.7409 241.6204
393.1220 170.9470 202.9882
399.7505 156.5224 167.4131
243.7762 201.1144 267.3279
199.3208 68.6431 135.0235
318.1015 -25.3873 174.2901
307.9604 -27.7814 178.3302
212.0371 50.6865 175.4968
219.5969 44.0015 159.4966
208.6963 59.7184 166.4603
357.2446 242.8456 116.7654
370.8294 237.9317 105.7641
227.5678 23.0584 142.8541
396.0828 60.5664 137.9909
184.0635 169.9892 100.7926
183.0149 126.6174 70.6491
251.7904 237.3312 147.9395
381.6239 141.3248 270.2516
182.1452 93.9597 113.6331
187.2091 91.6162 128.5778
209.7164 37.5057 135.2063
194.6794 109.7434 229.3894
420.2899 125.5439 112.4763
346.6008 122.9465 295.3323
226.9103 242.1908 98.1512
394.1668 97.0541 215.6786
322.2226 -39.7102 84.0143
326.9103 -33.3880 84.6205
382.1470 47.5268 255.8824
386.8945 38.7397 238.7815
284.7546 250.0265 145.1806
312.7771 250.7122 142.4172
209.4567 58.4227 160.4901
217.2483 39.2958 131.1792
287.7329 -60.5610 46.4822
255.1503 250.6050 102.6366
198.8235 81.3703 171.0377
394.1168 117.1312 176.5943
402.3727 41.4623 76.9826
403.1605 40.6115 76.7573
392.0447 38.4372 80.2383
397.4709 149.8512 179.5968
403.2408 97.6940 219.2503
381.2802 -18.6485 31.1678
389.6189 25.8210 212.8884
388.1410 25.5483 211.9214
186.9275 78.9239 87.1973
399.9098 106.3646 240.2603
252.5322 139.9454 293.2912
222.5008 -17.5313  6.1847
396.9710 28.8163 70.7937
209.0534 -0.7242 33.2554
355.4327 109.9741 291.4484
345.4517 109.5696 295.6362
287.1112 228.5343 248.8123
246.7136 185.2416 278.4672
233.7777 186.2120 268.8166
242.2929 -39.9562 16.5818
251.0499 -31.5347  7.7898
229.1730 -29.5319 11.0399
398.7256 87.7297 243.2558
201.7720 63.6854 177.8967
202.2398 61.1143 175.5690
386.4493 31.8224 82.5607
394.4658 63.2141 101.5463
374.1429 10.1629 82.2446
323.0783 222.4748 58.8689
225.0637 -26.2398 32.8406
395.5311 74.8195 234.9039
397.8213 67.4398 125.1158
399.0038 84.2448 198.7278
398.7203 99.1544 216.8416
254.5321 239.2625 186.6001
263.3147 239.8690 207.6885
272.7656 245.2005 180.8675
278.6041 240.8880 226.3615
385.5889 35.5481 169.2691
215.1851 232.0911 98.5059
375.5151 37.8623 256.1139
202.8222 150.1565 247.2582
203.3340 133.9791 251.6333
252.7658 112.9690 297.4641
253.8154 117.2169 295.9828
253.3509 112.9873 296.0768
312.9503 257.9887 96.5708
322.9904 257.5502 88.5026
269.2783 -31.3316 82.2023
259.3888 -29.1072 73.9688
274.6343 -37.1844 83.9120
377.7474 -16.6673 36.3316
324.7590 249.5701 142.0752
196.9222 132.6500 230.1848
197.4900 132.7281 232.4902
205.4660 12.0948 64.0279
374.4457 174.6354 267.0594
205.4393 46.2584 84.2917
194.8323 49.9656 81.2040
206.6509 43.2301 82.6473
201.6545 140.3323 204.4442
201.3211 133.5438 214.0447
390.1879 196.2644 63.5472
409.9097 69.9149 49.7212
204.9462 85.9115 203.1576
206.0887 61.4386 104.1834
200.5993 63.4298 107.3897
218.5389 37.2056 106.2010
214.3691 49.5048 108.3661
343.9044 122.7234 296.4815
404.3898 59.9563 150.9703
182.3806 164.8371 106.4301
363.4967 -17.2171 58.5760
346.1528 -33.9002 48.7312
354.4401 -22.2267 64.3026
423.7097 123.3739 81.7272
198.1157 115.4803 229.4783
196.6112 115.3555 229.5191
197.7832 132.3408 227.7923
184.9317 98.9610 113.5137
388.1074 27.0182 74.1781
370.8865 18.7666 169.9821
354.5006  5.9712 174.7049
208.8808 35.2729 78.6520
401.3433 39.6783 43.4377
397.0129 157.2010 245.6992
396.9703 148.6174 249.5575
341.4750 179.4515 281.0147
287.1681 -22.3588 175.2659
294.0019 91.8328 303.2741
294.0975 255.1871 83.5813
354.4103 117.5891 292.7322
354.8395 113.6556 292.8189
355.1790 118.0681 294.1528
389.3218 134.7030 255.8801
201.3203 60.7285 136.3833
245.1116 -2.6392 192.4336
199.3906 65.7557 196.0303
265.9958 249.5695 135.8953
399.0680 93.9778 212.9377
388.7544 26.3079 77.3819
198.2911 132.4104 229.9869
198.4126 115.6349 231.4058
312.9307  7.6929 265.5046
297.9797 82.6462 302.9099
241.8408 25.4823 260.9484
200.3964 76.8890 198.6284
201.2378 63.4381 213.5279
400.9418 70.6980 133.4120
398.8569 71.0109 133.1703
398.7923 71.4293 128.0143
392.1868 24.0183 190.0236
417.1807 86.6434 59.2595
418.6464 94.6378 71.3358
420.2992 114.2349 69.0532
337.1085 -25.6108 10.2950
327.1783 -16.3817 162.9439
260.2440 196.6288 278.3276
203.1755 104.7045 253.0950
200.1963 106.4178 240.2428
288.3370 83.7541 302.5014
401.2839 71.2126 128.1786
198.2488 40.4257 33.2609
368.9502 21.3049 186.8225
193.8073 127.6347 153.7151
420.6790 144.1981 77.4110
408.3813 63.4528 88.0435
200.1993 65.4260 167.3708
286.7205 247.9792 158.9144
269.0609 246.0633 154.7930
402.7455 205.1473 97.3877
374.9456 -23.9329  9.0217
403.1059 142.0532 213.0876
403.1073 136.1586 215.9597
193.7703 54.9838 83.7704
192.3593 58.5001 85.6731
199.1436 31.4766 74.7708
207.8159 38.3582 80.4175
200.3890 128.1974 238.4480
396.1535 53.7388 88.3450
356.9896 110.7368 293.5461
191.4167 131.3155 150.8744
200.7848 84.2512 211.0538
400.5704 68.1999 125.1590
254.9964 -11.0567 194.3537
241.5636 231.3544 191.7337
362.2860 18.4703 153.0723
344.8981 -17.4880  8.8968
283.7413  5.1208 261.7482
181.3136 176.7290 106.6016
198.7283 51.6178 210.1096
399.0024 139.9685 211.9923
398.6334 133.0207 214.2764
303.4462 220.6787 266.0056
397.7200 58.2987 90.7838
400.3575 67.5824 110.9634
187.4731 79.9570 96.4527
300.3092 -42.2158 120.0142
294.2908 -28.2009 178.1080
382.5628 30.7709 168.3732
396.7011 207.8516 115.8236
405.6512 114.4802 227.0227
195.8269 46.5475 79.4790
194.4763 44.8395 81.5120
191.1715 63.7609 88.1036
190.0673 67.1106 89.7254
395.5405 69.0337 98.3163
