402.5032 101.8225 226.6532
402.7061 113.7505 224.4648
402.5211 125.2611 225.0652
403.8557 135.8706 216.4520
364.5229 -18.0595 63.6996
369.8403 -16.0678 60.0833
369.6613 -14.5139 61.0206
363.1385 -15.9548 65.9605
371.0487 -9.6219 62.4357
201.9036 149.6970 208.3325
202.5016 154.0205 186.5889
203.4683 159.1091 184.2892
206.7597 147.3679 185.4302
267.0856 -35.8818 84.8292
277.1242 -42.4571 90.2283
272.7896 -39.4747 88.0331
253.8439 -29.7071 75.9722
258.8393 -25.2754 82.0687
279.6635 -42.0214 91.7283
283.7789 -44.4770 93.3166
281.4187 -41.8763 92.7711
285.0996 -40.8756 95.1954
288.0960 -47.4471 94.4529
376.3167 -14.1261 55.8072
340.7568 -32.5821 79.4492
402.1533 72.0299 176.6530
406.5033 95.1790 174.5205
401.6320 75.3615 177.0908
398.2987 65.2109 178.5363
403.2607 66.3013 175.3739
360.6041 -13.3631 69.5359
366.4674 -10.7369 65.4834
371.1951 -2.5163 66.6643
399.2504 32.8081 72.8077
400.8507 30.3369 74.1356
400.5322 31.4288 75.0983
403.2811 36.1253 77.0696
399.2256 27.1106 72.5159
398.4203 29.3736 70.5796
396.2732 49.4758 89.3241
397.0200 49.0675 88.5231
395.5002 50.7173 86.7667
395.0973 44.7218 86.7605
397.2741 52.3807 90.7805
393.4447 42.8497 82.6962
394.2314 42.1437 85.5781
394.8259 41.2463 84.6293
402.8340 70.9205 100.9836
392.5468 36.8102 82.5984
236.3113 117.9657 286.8345
238.4152 83.9942 287.4031
242.0594 109.5368 290.2301
254.9466 87.6121 295.4447
255.5910 109.9590 296.2346
243.2354 110.8080 291.0928
197.9156 67.2531 98.7015
185.4319 78.6894 98.4280
185.1505 76.9282 97.4007
184.7809 82.8322 100.5381
185.6776 74.2200 96.1148
183.8483 86.7021 103.3706
247.5666 209.9409 55.4951
259.4513 218.1570 59.3359
238.5013 201.4959 60.0496
232.9841 209.5753 55.5384
233.4670 194.1700 55.6207
266.6750 220.7012 54.7420
399.8652 65.2200 135.6028
398.5196 59.6211 131.4543
398.7549 61.0929 131.1429
399.3525 62.9848 125.8776
398.6372 60.5286 134.8390
397.2871 55.7512 133.5076
352.1264 140.1648 292.0998
349.8899 144.0885 293.0045
349.7781 140.2540 292.8749
348.6758 123.1139 294.2010
347.6402 139.8404 293.6021
352.5269 146.9192 291.6466
352.7790 144.4708 291.6676
344.0526 144.0059 294.7669
345.4119 139.9828 294.5615
406.8063 113.3123 154.2618
406.8288 121.6262 150.9242
406.7087 131.3330 149.2525
407.5616 110.0150 149.8801
407.1467 120.8314 150.0578
407.6495 126.8112 144.7548
410.4136 110.8249 152.7268
409.8824 113.4423 154.5006
409.5705 117.7941 158.3754
410.6345 110.1555 149.0052
413.0046 90.1785 136.4474
402.7773 102.8118 227.4464
399.8465 103.1099 240.4774
403.6132 95.4713 219.5520
379.5024 43.2054 12.9833
374.9393 63.6533 21.7309
365.9249 33.3733  8.7250
373.8299 60.2290 15.1434
383.9374 110.5820 41.1220
383.9658 108.3086 44.8921
393.0361 85.4138 33.7782
205.1025 45.7887 87.7011
199.8562 68.4440 101.6869
199.3702 63.7799 96.7492
197.2935 70.9300 100.9685
195.7016 74.7867 103.5476
197.3307 75.4338 102.3123
204.7233 65.7536 103.7322
354.3150 144.4815 289.7126
354.6728 144.3700 291.0687
356.0571 123.5036 291.8568
413.7303 78.0041 98.5175
401.8360 67.2845 98.6978
413.7315 74.0787 96.0828
412.9089 80.1397 96.4959
415.3316 82.8820 100.3726
188.9281 65.9904 92.0385
201.6074 61.3458 92.4868
199.4217 60.7591 94.5985
201.6413 56.7405 93.0685
398.2535 61.4295 92.4007
400.3889 60.6501 94.6824
398.2977 56.4631 92.9946
400.4647 63.7359 96.6004
411.0338 65.9628 92.1351
347.3061 -14.8471 201.2139
324.0819 -23.9059 201.5100
333.4465 -21.3352 191.2680
365.6595 -4.2645 200.7900
340.6935 -16.5455 201.4009
368.2339 -2.6719 190.7097
404.3675 40.5231 79.2821
404.7151 44.3906 81.7075
404.0313 46.4121 79.4378
224.8426 83.3895 278.2238
216.9261 106.2503 272.1436
221.4340 139.2331 273.7300
245.6648 144.5487 289.8172
392.4716 33.4205 80.4689
390.5744 29.1947 78.5790
389.2224 30.4585 76.2830
203.4175 48.9683 88.8819
204.7838 44.8210 86.5897
202.5960 52.4325 90.8092
206.9073 37.1551 82.6881
207.6681 33.3969 80.6606
205.6130 41.3056 84.8790
211.5212 25.0663 76.6102
215.8864 29.4078 83.7123
213.0398 16.1520 190.1848
222.9043 19.3590 186.4434
225.8948  2.5577 190.5926
211.8690 35.4898 185.3248
224.4540 20.2198 186.0862
260.6872 -4.3311 186.7452
406.1322 54.9784 83.7697
407.8215 53.5920 85.8497
406.9429 48.8707 83.4785
402.9465 132.1684 227.7628
401.6031 137.1176 237.1767
403.1441 132.7190 229.9897
401.6174 132.5247 229.8918
402.2222 132.7765 232.3714
401.5829 116.0235 233.8993
402.5566 115.6880 231.8919
242.5997 -1.6650  9.4696
238.1228  9.8350  2.8760
235.9046 12.0926  6.5417
234.9928 30.5032  3.4986
244.0263 -1.7709  5.1836
227.1114 11.4484 -0.5650
226.9300 57.6996 13.7991
222.5514 32.5328  4.1394
214.1257 63.1125 17.4140
204.4037 41.5756 12.6943
205.6686 107.3785 39.2319
404.0921 115.0311 226.6166
404.2371 136.0273 224.5779
405.5885 103.4618 228.0347
402.4445 136.2727 224.9259
255.5835 122.5815 298.0461
256.2028 122.7544 296.4831
253.5224 123.0488 294.9431
257.4827 143.6603 295.8134
258.2129 143.4090 294.7895
398.7336 77.8383 129.4420
395.2436 65.5951 120.7954
393.4081 70.8794 127.6150
397.0455 79.8525 117.0662
396.0502 73.6286 142.5167
400.1761 88.1571 130.5404
401.7808 37.6146 75.1201
391.2075 35.1677 78.5276
409.9310 124.1687 146.1397
410.0524 120.8564 150.1730
409.4527 129.2727 145.4022
410.2144 124.3834 143.1442
189.2603 117.4411 143.5637
185.4386 117.0449 143.2869
188.5138 114.5268 140.0451
189.2850 110.1117 148.5601
185.9236 123.6476 144.0189
189.7792 123.2531 144.1264
189.4657 115.1469 145.1611
382.5230 44.6926 142.7991
391.8859 56.9646 143.6408
390.7851 45.1733 133.8746
391.2064 59.8393 134.9588
390.9744 58.2722 150.6038
286.0023 -57.6056 59.7764
273.1208 259.1505 88.0375
242.1558 248.8495 88.2679
273.1108 257.3171 87.9541
241.8598 251.8594 88.0958
244.7508 244.1085 58.6115
279.7481 253.4706 65.0703
317.5662 260.8117 87.9510
199.7047 139.1775 234.9127
198.1615 139.5591 235.2241
198.4120 137.0079 237.3199
196.1770 137.5250 226.4931
244.6959 238.3468 55.6479
274.1711 232.3511 54.1909
214.3469 202.5029 56.6389
205.8621 170.8150 54.5710
410.6502 71.8717 92.2665
412.2473 70.2011 94.0635
399.5788 65.7230 94.8538
277.5410 -19.3269 212.5816
260.4342 -16.8440 201.3941
285.8018 -24.2999 201.6083
294.4655 -21.5883 213.3754
258.8653 -12.7288 213.1098
197.4393 136.1011 224.0689
195.8852 115.0533 226.5780
195.8176 136.0429 224.5324
197.8285 138.6586 225.8953
405.7164 119.8767 161.2481
402.1901 112.1846 151.2522
406.0582 104.1205 154.1071
407.3970 111.4426 138.5711
407.6696 89.2696 140.7393
401.9206 86.8860 170.5881
403.4525 104.2882 169.6809
274.1059 -12.6152  9.1065
272.4668 -13.0538 13.1547
295.0051 -16.6464 16.1691
301.9573 -16.1442 11.9461
289.7155 -29.9647  9.1492
256.7194 -24.1593  4.2812
337.9554 241.8809 187.4773
316.2262 246.3905 191.2566
333.6918 236.5832 234.0167
352.9173 237.7232 159.7886
339.9241 244.0824 150.9173
351.8296 229.1960 236.0307
234.4157 30.8895  8.2805
227.6027 10.8128  3.8417
226.3442 57.5298 18.5867
222.5823 28.8538  7.4408
218.2051 -22.9962 30.2573
248.6102 -36.6304 41.2677
273.4541 -50.3384 53.3155
271.6554 -50.3955 51.4577
217.1923 -22.1684 28.6223
205.4393 46.2584 84.2917
193.2705 48.9616 83.5004
194.8323 49.9656 81.2040
206.6509 43.2301 82.6473
342.3682 143.7083 295.8655
341.8403 143.3600 294.8335
343.9038 122.7215 296.9769
401.9470 56.8663 153.6590
395.3239 58.1089 148.7384
404.3898 59.9563 150.9703
402.3977 62.9333 172.9272
198.0234 110.3766 237.7194
194.6794 109.7434 229.3894
196.3577 109.4989 229.2959
198.1833 106.1129 238.2402
195.3400 105.2488 229.8476
198.5984 116.1635 239.3867
197.9152 133.0557 234.8124
197.9012 116.0009 236.5316
196.9291 116.0507 239.5824
197.5530 115.9302 234.0636
199.5616 115.8647 235.7520
412.3329 75.3630 93.9715
400.8620 69.0215 96.2630
293.5253 244.8305 59.1729
319.4826 242.3551 59.0334
319.4139 247.2550 61.2449
283.4346 233.1560 58.4793
345.1376 240.9532 59.5948
372.3999 -22.4563 37.5665
372.5851 -21.9599 33.4297
371.7800 -18.8610 34.0989
376.6283 -20.4432 31.4979
204.6615 57.2295 133.4080
205.2500 55.1256 136.0766
203.7536 61.3333 135.9083
204.7907 57.2141 139.5065
203.2250 53.9875 137.6036
200.0760 83.7521 197.7778
194.5012 82.8149 189.9711
196.1005 82.8434 197.2392
200.9571 82.5657 185.1729
201.2372 98.4281 216.8420
196.6929 95.2699 219.3672
210.8957 -10.0382 27.4834
201.1505  1.5611 27.2093
206.3554 -7.1530 25.6694
203.4147  2.6105 28.8863
202.7804 -1.1625 28.5205
213.1464 -16.4380 28.5363
251.7307 253.0386 110.8719
280.1666 259.2581 110.8227
272.7921 257.5999 110.0122
266.7170 246.6255 147.1179
236.3756 246.3233 110.7678
254.7505 242.3969 150.3983
247.4784 146.8754 291.6048
248.0753 146.7452 290.1463
245.4643 144.3381 291.1302
255.8311 146.3926 294.9195
256.6853 145.6697 293.6570
227.0380 20.3423 168.8579
248.2024 10.7261 156.2555
248.8497  3.6604 176.3908
275.2281 -11.1606 177.4018
394.9895 56.5542 139.2545
394.9795 55.9098 134.2476
395.9347 60.0610 133.8159
396.7198 54.7450 138.2137
199.0904 133.0433 232.7779
197.4900 132.7281 232.4902
352.0662 146.8604 290.1712
343.4784 146.5560 293.9017
374.0414 12.9405  3.5442
391.1534 33.2654 13.5943
331.0253 -31.3528 87.8796
359.4647 -7.4497 77.5057
207.2287 51.5646 173.7641
204.2397 52.4523 184.5819
214.1939 35.4909 169.9021
215.6025 43.5269 155.7968
213.4088 43.8390 155.2963
202.3814 54.1510 184.8191
177.0381 145.3756 77.5300
203.1312 190.3392 60.4834
193.2512 112.7289 44.2188
177.9067 100.8669 64.7060
179.1367 103.2521 66.0008
179.9681 154.2654 79.9484
184.6343 186.8878 86.6317
390.6664  4.7469 60.7137
388.4481 -15.1654 29.1580
397.0270 -2.0805 28.8278
404.1162 18.1692 38.5544
396.4606  2.6650 28.1283
385.1173 -17.6848 28.7780
211.5466 30.4126 69.6428
200.2885 31.5307 65.9586
206.6926 40.5908 75.1583
205.8783 21.0113 65.1379
219.1974 22.9116 73.2198
220.5979 28.5822 80.9566
402.9704 104.4625 240.6834
403.4537 110.7239 238.1516
403.0657 116.1413 239.5671
403.0491 106.1454 238.6464
401.8321 110.3224 237.6685
404.9383 109.7379 229.2830
200.6741 63.3172 134.6854
199.3208 68.6431 135.0235
202.5333 66.1370 135.2817
203.5317 61.8995 131.4336
201.2438 60.9720 129.3595
201.2821 60.6946 135.7660
187.7430 75.3606 94.0420
189.3177 71.7601 92.2310
199.1184 68.9265 96.3119
187.5321 70.1872 94.0947
200.2679 65.8611 94.7571
266.5515 -36.7193 10.8739
251.0499 -31.5347  7.7898
238.9591 -18.3138  3.1910
222.7066 -16.5739  5.7174
235.4444 -11.0382  2.8049
383.1727 47.8006 161.0037
389.3269 57.8163 160.6296
394.0507 63.2483 176.1241
399.3000 67.1207 171.2693
400.1987 62.5743 156.2620
410.0510 62.1610 89.9601
409.8733 67.1521 89.6499
408.3813 63.4528 88.0435
408.9574 57.5173 87.9449
365.5586 32.9309  4.1725
395.4548 101.4292 36.7912
380.1658 38.8863  6.2929
346.7952 113.0085 296.2428
355.3896 113.3284 294.3419
354.8395 113.6556 292.8189
354.8331 117.8619 293.5736
197.3761 132.4720 230.2795
192.3593 58.5001 85.6731
192.0570 53.4564 85.8289
193.7703 54.9838 83.7704
190.9907 57.4428 87.8157
203.6274 53.8356 88.1509
222.1812 221.2324 59.6077
281.1627 248.7874 56.0731
199.1436 31.4766 74.7708
197.3243 35.8819 77.2278
200.4355 27.2590 72.6030
195.5687 40.3837 79.1664
197.9399 37.8742 75.0802
207.8159 38.3582 80.4175
208.8808 35.2729 78.6520
197.3170 41.4448 76.7997
184.7504 115.1624 139.1499
184.2407 121.7829 134.7991
292.7933 -53.4619 62.4189
264.3931 -40.9925 45.8788
285.4632 -50.8793 64.5209
287.8122 -44.1426 89.1328
273.0563 -36.3664 82.7653
243.8537 -29.9537 38.8179
204.5395 50.7932 86.7470
407.5515 58.5749 85.3680
396.1535 53.7388 88.3450
403.6282 105.1979 229.7660
405.2907 105.4885 229.8302
309.9082 141.4285 297.0396
299.8695 157.0451 294.2133
323.1709 167.0410 289.9471
280.1568 149.6419 294.7660
299.6981 186.1654 284.8140
191.1246 129.3570 154.1908
193.2288 114.0248 154.2987
190.0117 112.2569 154.8775
193.8073 127.6347 153.7151
192.8370 110.7619 152.0218
192.8884 120.8315 149.9985
400.1677 47.2017 210.0480
399.3191 48.6287 211.0990
387.9410 24.2495 212.2382
400.4197 47.6816 212.3442
403.1915 65.0924 211.0036
379.9919 -9.1097  8.5676
386.4295 -3.5649 12.9824
382.8832  7.9323  6.3077
313.0902 -27.3445  9.1921
327.0634 -12.4658  8.8677
355.1395 -1.8021  5.3802
324.7493 -13.8777 13.8130
338.1553 -25.6157  4.8532
403.6149 138.2383 226.4109
323.0783 222.4748 58.8689
345.6385 215.7192 55.0134
343.3722 216.6048 59.4942
366.4811 194.9925 60.1458
365.6676 227.7920 59.9484
284.9029 211.9099 267.1491
299.5350 201.3808 276.1680
270.2365 191.6955 278.6155
305.2523 218.8492 261.9457
337.5428 198.8421 272.7976
351.7037 162.0662 287.5197
327.2405 153.3596 297.5892
179.3791 99.3691 73.9989
176.1443 133.0462 84.1087
179.1898 139.9515 85.1539
179.1917 85.5558 69.1175
194.4854 34.4054 45.2427
380.7964 37.3064 131.8872
376.2004 34.3849 142.2114
379.7116 30.3165 131.8508
390.2610 43.5443 119.9013
381.8546 31.8520 119.4997
346.3256 117.3974 295.9777
346.7320 117.3305 297.5305
400.8437 46.1527 199.0809
403.5898 64.4327 209.8329
404.5075 82.7847 197.1432
401.0250 79.9502 230.2080
247.8679 -37.7187 18.9962
252.5419 -30.9281 12.6889
228.7651 -25.0845 13.7056
245.0182 -18.8875  7.4308
269.6273 -26.3748 10.7956
272.9324 -42.6188 18.5738
280.6606 -32.9942 14.7170
194.3383 114.8935 226.9230
194.4425 102.9933 228.4565
197.4272 102.1391 227.5680
196.5021 106.0909 238.5164
196.9711 103.0990 240.5812
273.7468 -56.8282 39.8450
287.7329 -60.5610 46.4822
289.2279 -58.8156 57.9720
296.9367 -60.2322 38.9797
306.9822 -61.0091 45.4478
274.8052 -57.1151 33.2747
397.7200 58.2987 90.7838
196.5273 110.7102 238.3668
299.9004 -23.3192 196.7923
297.1496 -21.3171 192.6050
282.1905 -21.5838 195.5480
310.9261 -22.6218 193.9709
315.8871 -11.5353 190.4107
292.6753 -12.5174 189.6517
263.3398 238.2260 182.0635
281.8317 243.4286 157.5254
282.6368 240.2364 202.9687
267.5183 234.1493 224.0325
288.5313 236.1958 234.6931
300.0850 242.2477 196.1648
186.6178 83.8334 98.6057
187.4731 79.9570 96.4527
198.5621 73.0383 99.5776
196.0720 81.1673 131.2283
198.6795 71.6276 130.5616
201.7921 59.0680 139.3585
195.9953 85.3249 130.3112
200.3429 63.6225 107.5853
204.8393 57.0313 149.0198
203.7279 51.5152 147.3036
199.6135 67.5815 124.2847
374.5256 204.3739 55.6116
363.9985 197.3055 55.6599
376.4917 171.5422 54.2540
252.3362  3.3951 155.8419
226.9069 25.8163 148.7568
227.5678 23.0584 142.8541
247.0799  8.8020 155.4103
275.2726 -15.9552 174.4189
242.5118  5.9148 151.2218
252.7688 -2.8403 157.1504
200.1968 137.4542 237.2211
200.1701 103.3268 240.3397
201.2649 70.7342 126.8644
201.2466 71.3737 132.6996
202.8010 64.9239 125.1242
271.6058 -20.0940 168.2293
287.2449 -41.3831 112.9759
280.1464 -23.2740 178.8640
269.6908 -29.0371 102.5975
253.8154 117.2169 295.9828
245.3277 113.4417 292.8191
253.0330 112.9542 296.9832
253.2774 117.4438 297.4085
245.1127 117.9314 293.5113
244.6796 113.3975 294.3424
218.1005 13.0093  6.0433
215.8906  1.5492  7.7548
208.4805 33.9088 13.9477
401.7796 75.6559 101.7736
401.5153 73.1560 99.4303
379.5558 35.0843 167.2710
371.7550 33.7670 150.6743
370.1572 23.5986 169.7336
380.1496 31.3522 187.9839
387.8387 44.6358 187.1060
210.2566 30.6650 75.8923
200.0449 32.5817 72.6318
202.6421 28.9874 70.6071
413.5434 83.8052 98.4792
241.5636 231.3544 191.7337
247.1260 227.3203 238.8297
258.4176 240.0416 195.4233
241.8896 234.8130 156.7772
227.3116 220.9178 159.1537
228.9016 218.5334 194.4993
228.6869 213.0850 229.3956
191.3456 117.2657 165.9135
189.5657 121.7141 167.5665
189.0974 117.0762 165.6058
188.1693 116.7507 160.1501
190.4093 116.8173 158.6834
275.4601 255.3586 102.1144
248.0518 248.3766 102.7127
255.4360 247.5665 94.8867
287.2946 254.1810 114.0063
269.2831 251.3094 116.5092
273.6074 251.7653 94.6521
291.3304 253.3586 94.9292
300.3852 256.6318 102.0183
401.4282 116.1633 239.4236
401.6910 133.0038 234.6794
401.3059 116.0103 236.2085
401.5667 128.3535 152.6989
403.1177 121.1846 146.2019
404.6174 129.3592 164.8150
405.0084 139.5710 143.1098
269.7810 -42.8469 12.7976
247.9999 -44.1729 19.7109
223.4484 -24.7642  9.7071
311.1915 223.4753 54.4366
284.4487 223.3478 58.7920
401.9509 139.5971 235.1872
400.2435 138.3626 235.1743
397.3713 65.7483 135.4453
396.4241 62.0475 131.3873
397.1785 64.7996 125.0179
398.0823 59.0513 139.3681
396.0828 60.5664 137.9909
201.2708 110.7672 232.7669
201.1968 104.0717 224.6471
201.3019 123.7975 221.7126
205.2456 107.1395 242.7839
201.0473 19.1584 29.0443
190.4335 52.9297 44.8195
186.5653 55.8978 46.2390
403.8263 80.6400 131.9916
396.8751 53.9514 146.1143
395.6382 48.6016 144.5300
392.9436 53.5975 150.2444
405.6512 114.4802 227.0227
402.8841 115.3612 229.4940
403.0855 83.5403 198.5362
405.4746 82.7540 189.6085
398.8384 83.4029 197.0418
361.7102 24.3644 149.6138
211.9367 26.8209 74.4240
209.6102 28.9940 78.5227
262.2004 -46.6659 26.9108
244.7275 -37.4045 23.2332
253.6671 109.8964 297.8868
242.9403 110.7111 293.6913
243.2268 123.3915 293.2162
403.7519 142.3174 213.5442
402.1587 138.8917 225.9532
396.7479 150.5399 248.3042
342.2379 -12.6826 194.0536
350.7292 -7.5744 198.1884
344.3981  0.2610 190.9008
332.7998 -10.7356 192.2027
334.4920 -15.5145 197.7411
193.4627 131.1860 150.3582
243.8751 123.4096 291.7556
247.2883 123.3002 292.3275
184.2784 175.7353 93.3126
186.1364 182.1374 85.6059
198.3852 208.0892 88.9317
392.0447 38.4372 80.2383
402.9214 41.3451 76.7967
195.8269 46.5475 79.4790
194.4763 44.8395 81.5120
206.6031 187.1479 174.6879
200.5781 167.4224 178.1132
203.6907 173.9827 217.0484
196.4192 142.3854 213.6764
203.3232 166.2304 237.0614
248.6516 -7.2457 198.1657
246.9521 -0.4706 217.0821
265.7256 -8.9329 218.0557
274.3247 -16.6007 202.8023
258.9789 -13.3860 195.8359
290.6425 -15.1309 218.9342
268.8495  4.3534 247.3275
241.6879 247.7973 96.9658
263.1831 254.8946 96.6327
221.6773 235.8871 88.7595
220.3191 233.9589 97.3461
245.8375 252.7332 97.8072
394.1601 46.1467 84.2814
191.5524 123.8021 167.1029
189.1137 126.1264 163.3897
188.1363 123.2525 157.8604
388.1074 27.0182 74.1781
388.4263 25.0914 76.7666
409.0634 182.1183 82.4899
413.6670 164.3831 79.1487
412.2511 171.8007 93.7113
415.0906 152.1158 87.3617
405.7879 189.0717 94.0772
410.3946 186.7451 101.9739
418.6622 150.3825 94.2133
200.3951 64.3421 196.9912
198.2134 78.2415 191.6152
200.5199 77.9447 197.3214
205.0612 79.6327 186.3225
205.7630 60.3425 185.7123
384.4914 29.6309 82.1988
205.9948 191.1261 161.3136
252.7606 230.8396 208.0662
244.5789 228.7849 185.1644
243.8876 220.2008 236.1784
256.6098 226.2549 241.0039
346.3191 109.9511 297.9564
356.6795 123.2842 293.2699
406.1798 128.6663 153.5386
408.9460 128.3741 154.0820
409.2470 131.5693 150.6848
415.2382 115.3929 138.8763
415.8167 120.0087 134.8593
414.5574 116.9044 143.1948
413.5975 122.4530 144.4985
410.8207 116.9772 143.3588
411.7777 114.3989 139.2937
414.7847 125.7926 139.4304
311.5122 -31.6882 110.2840
301.9417 -37.7861 119.9775
317.2975 -32.8274 115.3627
313.0064 -33.4410 129.7189
328.4370 -24.5934 109.8190
300.0590 -42.8406 114.7888
307.9604 -27.7814 178.3302
296.1062 -26.5520 184.0359
315.9561 -24.4260 180.7924
313.3721 -41.2536 112.8414
362.2364 11.5420  2.4575
357.1574 -1.4309  9.5779
363.5901 -17.3229  3.1224
364.2102 13.0094  6.6001
364.8462 -11.9584  6.9534
409.6803 122.7014 157.4311
412.0669 119.3491 158.0102
411.2992 116.0487 163.8424
409.1612 115.7693 163.1445
201.7764 58.6893 133.3287
190.0673 67.1106 89.7254
202.3943 58.6543 90.7403
178.9472 109.1414 99.4392
178.5949 157.6969 111.3593
179.7806 153.4217 110.4100
178.9220 160.9594 107.8011
179.0902 103.8936 89.3618
382.7739 -18.1711 33.2975
382.1212 -14.1899 34.5978
381.2251 -14.7805 40.4448
378.8941 -15.4427 28.5070
386.4602 -17.0648 30.1433
176.7607 163.4373 106.7109
203.1346 198.8461 133.1271
194.7646 205.4541 113.5600
200.9075 214.9130 111.7922
199.7977 213.9376 98.7813
196.5188 206.5129 114.6154
182.7901 181.2087 95.2596
356.9896 110.7368 293.5461
344.4333 109.8489 296.2126
379.7823 -19.4737 35.7597
376.9664 -20.7797 39.9953
377.7474 -16.6673 36.3316
375.9881 -17.0891 32.6940
373.9612 -18.2923 39.5487
325.0154 258.0409 110.0120
317.1504 259.4573 110.7976
342.2942 255.0805 111.1492
317.6221 248.5561 150.2742
371.7010 21.0838 136.7547
368.9370  8.3284 105.3085
355.6064  7.8687 144.2644
383.9248 32.4917 168.6924
391.6154 50.6547 170.5318
395.6991 52.6649 184.6680
383.9179 42.4938 155.5276
392.3501 50.1915 167.1659
403.5304 74.0204 103.6446
397.7033 70.4575 108.1729
390.3006 223.3770 89.1654
372.3985 239.6782 97.2967
387.4330 225.7762 97.8345
373.7665 242.0021 98.2356
397.2364 218.3704 99.0446
402.7455 205.1473 97.3877
406.5767 199.5397 88.2352
405.1873 49.9992 81.1125
332.8561 123.8307 299.4774
323.0283 101.9092 302.1230
339.4198 92.1798 297.7065
314.6132 128.3949 301.9811
313.8726 91.6278 303.0568
410.1288 53.6111 45.2738
416.1571 67.0914 51.1494
419.5780 101.8324 65.1655
410.7839 53.1669 54.6943
398.5784 18.3327 28.5154
327.5199 -13.6370 175.5509
312.2401 -15.7662 183.7300
310.4155 -20.3870 184.5616
325.6732 -10.6447 176.7000
311.6609 -15.9050 187.1806
293.4962 -17.0329 185.4186
216.2419 110.4992 41.0158
212.0743 159.6883 51.5951
222.6153 166.1945 53.3759
222.7573 169.9891 58.5841
197.5076 115.6873 231.7627
375.3764 16.6820 103.2355
366.3850  5.2780 80.2650
366.5173  0.4796 88.7310
376.2855 25.7808 101.0106
256.4006 250.2491 82.9033
274.5863 253.8558 83.4328
243.6197 246.5170 82.7602
246.3214 241.4294 62.2106
190.9105 131.7881 149.5311
192.4510 128.1689 144.9328
399.6505 63.7379 107.7033
403.6750 84.4737 128.0053
399.9378 70.7581 133.4447
403.2406 84.4688 133.2842
401.0871 70.4089 126.1902
392.4262 176.9843 177.3803
401.1337 151.5577 168.6393
397.4720 157.9175 177.3922
397.6090 153.1390 192.1529
392.8868 150.5642 178.5061
206.5400 146.9909 173.8704
206.0393 123.7004 176.7192
203.5828 121.1863 172.1700
205.8903 135.4755 213.9240
205.6952 100.9231 176.1690
227.2106 -16.9106 56.4040
215.8871 -6.1457 56.3682
232.7484 -8.4436 65.6281
199.8943 24.1853 69.9573
387.4677 30.6522 113.5497
376.7411 19.9257 136.9817
369.1886 -5.3663 78.7516
349.7325 -0.4243 155.3096
384.9272 33.0767 136.6228
348.3702 240.0851 55.0288
403.6433 200.4849 110.0135
402.0289 172.8932 129.4281
396.0895 209.4713 114.7769
389.8219 221.0775 103.6573
417.0031 167.1344 106.5713
280.1411 260.1447 97.2702
285.3275 257.9927 96.5287
278.6090 259.5762 109.2546
315.6713 260.6913 97.4221
323.1253 257.5420 96.7282
247.1104 -8.9405 87.8178
235.5511 -2.2917 85.5966
229.8806  6.1785 94.4739
236.6845 -0.4810 76.2848
315.5207 258.6729 87.9551
323.1547 -57.9956 34.9446
301.1525 -48.6544 17.9146
348.4606 243.1663 63.3932
346.8796 249.4622 83.3665
324.1346 253.9997 83.5571
361.8581 243.5904 82.8335
338.2845 249.5665 94.5728
399.8036 137.3262 237.2369
396.7964 105.6768 253.4919
397.9156 89.8995 244.2629
395.6116 105.2880 254.7077
396.0926 128.3213 253.3372
423.1797 112.7016 68.5791
406.9613 153.3051 57.7357
420.7042 165.5422 82.3976
394.9638 189.6314 58.3500
408.9047 200.6959 88.2219
419.7531 159.6755 81.2977
191.9103 116.0393 145.5989
192.1192 111.0192 147.5613
201.0942 157.1170 173.3497
207.3175 178.1709 167.7494
209.4618 180.6166 201.2173
191.1715 63.7609 88.1036
189.6334 62.0871 90.0160
401.3433 39.6783 43.4377
405.9398 53.7541 40.1650
401.0102 38.4742 31.4823
406.5236 58.0726 53.9495
394.7324 19.7689 31.5721
402.3021 29.7273 49.1169
408.5030 52.7461 59.9781
189.8508 120.7159 150.0257
190.1253 126.3783 144.8489
365.0338 -19.2668 26.6832
372.1826 -13.3792 25.5716
371.8124 -21.3463 21.6805
362.8450 -17.9090 37.5128
385.0105 -11.2312 25.1191
385.8479 -8.9095 33.5863
269.8626 92.3217 300.3895
271.3459 64.5957 296.0076
272.0791 123.9103 300.5370
285.6729 79.1661 301.8118
281.0668 98.7802 302.7951
256.0672  0.7893 190.9740
245.1116 -2.6392 192.4336
263.3145 -6.9938 191.6931
227.8759 10.5025 192.0727
231.1208  2.8648 194.9645
233.7571 18.3423 189.1442
391.1198 159.6734 51.9779
403.3078 120.5094 45.2473
402.8066 65.2986 25.0912
187.5902 125.6018 138.5061
186.7020 123.1671 135.0107
190.4550 124.9789 158.3828
192.4735 114.5837 172.4097
319.7792 -54.5736 57.6963
355.4075 -35.7052 41.3226
371.1180 -22.6626 46.2495
366.0470 -30.4149 37.1617
365.8084 -29.1766 34.9755
253.4891 194.3665 271.8841
262.0812 171.1715 285.2791
195.3526 135.6089 158.3284
196.5185 147.4219 145.1711
197.4144 147.0877 166.8277
196.0939 124.3604 168.1813
398.7923 71.4293 128.0143
358.8398 114.5343 284.9765
356.1685 151.0353 283.0557
375.7860 141.9091 269.6103
379.4599 111.9334 269.4636
371.3067 169.6631 265.9198
392.7721 142.4662 250.1450
422.4182 108.5632 99.4069
419.3733 131.7604 115.3860
417.7538 95.3539 123.3801
418.5438 90.8903 105.6625
413.8689 119.5919 134.0868
368.1208 23.5433 149.8664
376.0521 29.3176 148.8563
379.1227 36.3342 151.1131
412.4744 125.5301 138.0022
259.5389 -18.2260 201.2849
309.8468 -25.1431 201.6162
291.0375 -27.1416 201.4784
383.6183 233.7013 89.0114
366.7647 244.6205 88.4029
349.8157 -20.2126  7.8007
404.2103 102.0617 234.5122
397.1771 167.4414 236.3860
386.5995 186.6303 240.3866
397.0731 153.2803 247.9815
395.0172 180.0866 200.9126
396.4861 166.5062 237.1639
305.2986 -32.9143 10.1357
391.8931 106.8020 252.9805
393.0512 138.6700 247.3767
395.4364 117.1288 238.5581
398.7761 101.0050 225.0689
399.0907 110.7850 229.8705
398.9106 134.6566 223.1836
333.5073 237.6784 196.3150
349.6643 231.7239 193.3616
336.6581 231.8922 229.7923
312.1381 237.8261 227.3293
318.9050 242.2376 178.8311
339.7922 239.1952 153.0323
201.5850 88.8508 244.5883
202.5898 65.3102 239.4375
204.2215 104.7376 255.1857
196.2224 64.6535 211.7621
199.1789 49.5083 212.0799
209.8380 74.2091 259.5416
211.0598 51.0323 248.8122
365.4575 -5.4160 62.7093
380.3985 -4.9875 53.5357
359.4891 -19.4915 60.8621
362.4549 -1.0660 75.3612
353.9081 -4.9562 78.4435
337.1109 -23.2035 80.8258
379.6662 23.1400 74.0743
291.9100 248.2296 62.1822
269.4681 245.2494 60.2674
200.1993 65.4260 167.3708
205.7354 64.0531 176.2314
209.2496 59.0001 164.0030
197.8376 90.6961 170.6270
199.8725 62.4538 155.0690
352.6229 123.3093 291.9860
350.7982 123.3609 293.1740
361.6012 15.7244 186.8771
369.0508 12.8058 191.4085
370.4341 21.5112 189.1855
351.2936  7.7817 189.1074
239.1887 -5.3613 200.9557
231.3390 -1.8992 200.7163
220.0481 10.3681 200.3748
236.0373  0.0513 212.7732
335.8379 255.7491 87.9856
419.0990 123.7676 88.5534
416.1291 108.1437 90.4122
415.6389 124.1904 98.4092
417.3192 94.3702 77.7757
417.2864 98.6811 93.5151
204.2844 180.0470 203.1963
202.8335 167.8446 236.1116
219.8356 193.2105 246.1645
359.0940 234.8088 135.1716
357.2446 242.8456 116.7654
374.1388 232.5859 114.0575
366.3903 241.5761 102.8933
336.7089 250.2245 115.9200
346.1623 250.0312 103.3830
265.7274 16.5599 267.6022
285.5863 18.0413 275.1336
268.1420 35.5797 282.9845
284.9908 -0.5735 255.2345
305.8027  5.0429 264.0383
307.1852 25.3328 281.8623
269.6631  1.4365 251.8482
283.8682 39.7142 289.7900
204.4075 33.7449 199.5993
197.7626 54.7939 198.7984
199.1538 42.6923 199.1435
205.4001 35.8706 211.3816
199.1142 51.9310 210.8400
196.6038 64.9279 210.4256
193.9623 82.8127 197.4048
226.6279 -2.8894  1.0481
214.4305 -7.2726  5.9625
248.9223 237.8861 59.5072
299.2075 -44.3584 16.6917
248.1091 210.4610 255.5374
265.3620 215.3508 259.1366
297.8196 232.8235 244.8398
192.6969 145.6797 170.0184
224.3131 240.7231 88.4533
207.7652 224.6003 89.3115
260.7676 190.5935 282.2944
246.7136 185.2416 278.4672
247.6700 162.4332 287.1523
247.5483 207.6470 265.1574
228.7032 176.4635 269.7470
212.6875 192.9424 164.4806
209.5946 198.9105 135.6937
196.6181 158.1409 135.7237
381.1505 -19.3531 40.8277
215.0948 32.2063 137.0422
216.3171 35.1619 135.9921
319.4779 253.1760 64.2328
354.9543 244.2162 58.5206
320.7876 248.3870 56.1458
376.8517 16.0678 95.3534
384.8264 33.2720 112.4476
366.6658 -3.3666 76.9486
226.8350 28.4610 148.9800
217.1407 38.6814 151.6259
384.3387 25.4005 186.2996
397.4041 52.7397 185.1177
398.9239 37.8014 189.1491
393.4336 26.1160 199.6672
389.3777 19.1946 190.3305
404.3784 57.3710 188.5166
220.7247 -20.1774 23.7585
220.6180 -12.9485 10.5065
208.1532  0.5656 22.7849
232.4819 -13.0731  6.9475
244.6038 -10.7781 190.9983
269.4864 -22.5959 191.5018
397.4783 60.9470 175.0195
392.3300 54.4907 159.3979
209.0621 139.6196 253.0080
227.4941 158.4455 268.6688
220.8837 132.6541 267.9701
240.6811 131.4535 283.5938
230.1075 109.9600 277.6193
223.5194 87.9761 272.0400
208.4029 109.3943 253.9763
288.6348 229.9120 254.8968
262.0437 233.5168 239.4091
258.9973 224.1362 253.5517
281.1721 239.7088 235.1271
356.7582 110.6030 291.0467
216.6444 36.2662 243.5881
211.4270 23.6674 213.1180
417.3546 170.7572 92.4407
315.6610 253.1039 95.5471
297.1780 255.2652 83.3686
332.5981 253.8400 101.8348
410.6510 115.8204 145.4401
375.0473 16.4281 216.5456
385.4262 30.1316 217.6592
385.6978 22.3100 193.6100
389.4394 59.0219 243.4411
376.4322 37.7745 247.0628
397.4081 55.1493 215.1515
389.0363 24.5512 210.7672
389.6610 22.5081 200.0312
375.9367  9.5999 212.3580
231.9079 29.7600 149.8220
231.9753 21.7607 171.1297
245.8424 18.3688 154.2922
239.8618 19.7811 146.9850
256.8276  3.6074 177.6904
260.6821  4.0873 159.3839
259.2155  7.2943 162.9205
185.1660 141.7572 126.8340
191.2966 141.7333 144.2240
194.4274 162.3409 139.5574
298.6890 20.2314 272.5351
285.5638 13.6180 265.1151
281.2761 33.8397 280.7323
315.4151 33.5242 281.0158
315.5690 11.6913 263.1573
297.6100  0.6002 251.8482
393.1564 39.3740 137.0940
383.6224 35.1848 135.8100
233.9986 207.4079 242.5236
232.6144 215.1149 201.2707
235.2137 222.7408 160.0413
221.3462 191.2724 239.7005
274.1195 211.2101 271.5253
299.7335 218.0465 268.9414
292.6768 196.9678 284.1266
409.0881 126.4688 162.2274
411.4041 125.7579 160.2861
407.2181 146.4014 170.1247
203.2756 132.7340 253.2808
202.9233 152.9349 248.2638
203.6745 134.9116 252.0296
408.1137 115.1634 145.1757
238.6512 -2.2206 213.9130
254.5805  1.8823 240.5430
232.1675 15.9920 239.2358
256.5095 -11.5732 213.7270
224.2902  9.4111 212.9311
410.2188 71.0260 86.5146
401.5085 80.4386 97.9745
413.7185 84.1741 92.0513
413.7488 91.4251 103.7039
395.8550 73.0905 102.7291
397.1612 59.7240 85.4519
380.4607 21.9434 191.0335
376.8720 10.3314 194.8976
392.1252 33.3674 193.0151
329.7974 -2.0406 170.6774
343.9037  4.4385 176.2150
348.5696 13.4533 159.4479
333.0531 -2.6042 188.5734
320.5316 -7.5422 177.3256
379.7820 218.8190 59.7393
360.8575 251.0011 87.9464
327.5989 71.8745 297.9974
345.5717 72.8307 292.9788
326.8764 44.2839 289.4110
359.4162 75.0689 287.5031
350.3439 40.2798 278.2669
233.8309 188.2057 261.5328
196.2449 133.6541 216.8956
196.8448 101.9510 223.4781
221.2171 29.0372 133.1519
224.9137 32.1547 140.0061
217.4491 42.3430 138.0655
211.3754 55.7250 151.5262
218.2312 38.0424 130.0030
223.3861 39.7225 153.4126
376.1636 -16.8809 44.3103
374.6932 -21.9832 43.4849
180.8909 91.9636 104.4193
178.1513 100.3875 90.8524
178.5423 96.6185 87.6170
218.3264 36.2870 171.1950
221.0700 30.0881 187.4817
250.6930  6.7746 188.0916
305.0542 -21.2108 183.2611
292.4377 -20.7034 185.1308
291.2481 -20.8411 182.4521
274.7551 -15.1321 177.3241
374.4385 12.0415 -0.5208
367.8337 15.9919 239.2362
354.6385 18.5716 256.6683
345.4206  1.8825 240.5439
332.1127  6.5621 257.5829
320.8554 -3.5736 248.3793
334.4804 -15.7310 214.3048
358.8908 -3.3741 213.3455
242.8925 20.1685 256.5174
358.1287 20.1935 248.2706
362.7724  5.3049 215.7949
363.5011  0.2470 197.9530
281.8550 -54.3074 46.7685
279.9053 -54.4422 37.2614
318.7519 -54.6307 37.6408
303.4794 -46.1519 22.0289
297.4159 -57.0338 48.3635
203.0036 50.4010 198.0265
200.7299 55.5565 191.3127
204.1494 42.1167 192.0786
201.8379 58.0724 214.4016
186.3871 117.5097 135.0723
187.1935 93.0057 138.0183
182.8492 97.6448 125.6041
280.1468 246.2356 139.7761
265.3326 241.3625 148.9064
310.1645 244.7676 148.9354
314.7067 253.5905 116.1579
367.3259 61.1027 272.6879
370.8475 47.0071 261.6244
353.7695 38.1153 268.4706
341.3157 54.4569 284.0944
335.5301 30.7612 272.7992
184.5547 125.9330 98.1353
180.8933 122.1961 86.5538
180.7512 135.9671 91.5607
181.6506 150.3435 94.3302
186.5116 163.2870 88.4285
183.1361 133.5879 72.5542
183.1948 116.0497 78.1890
336.1678 -52.3408 27.4391
358.5824 -40.1187 23.0992
328.3608 -55.4219 39.6033
366.0767 -30.9097 34.5652
319.0021 -55.3158 55.9006
310.2075 -59.0014 57.7505
361.4716 143.5926 286.3464
373.1206 221.1248 136.1242
364.2676 223.7277 159.0057
389.6883 198.2519 138.1100
342.5884 -11.4821 87.3673
349.8721 -10.5993 92.6741
300.5539 -7.5238 246.0291
312.3643 -21.1374 214.8475
284.5717 -21.0291 214.6055
227.1372 237.0111 103.6016
238.7665 240.8840 93.4525
243.0448 243.9032 113.7049
220.0099 228.4955 112.4284
207.1897 216.7132 103.6304
214.3304 220.9514 95.4496
294.8844 -45.1389 90.5302
310.9857 -44.5506 89.3438
288.1244 -37.7641 93.7873
308.7998 -38.6948 94.6968
355.9657 11.2701 153.6782
350.2766  9.4841 157.2693
362.5686 11.6834 171.0822
225.4555 63.3617 273.6570
252.1256 58.9755 288.2362
298.3358 83.5081 298.8194
322.0620 78.4802 296.0234
296.3742 69.3026 296.4993
271.5743 72.7848 293.7038
280.0020 106.1011 298.3340
321.0540 106.4715 298.3731
420.7801 110.1915 99.8930
420.3649 101.5298 89.2175
421.5765 158.0410 111.5325
421.8966 100.9527 89.9032
187.1182 71.6216 68.3972
193.0697 47.2208 57.7676
191.1787 68.0877 59.2152
198.5612 27.0390 47.9027
194.3057 51.9985 76.6589
197.0545 46.1757 46.8654
326.3898 244.0927 144.9917
327.9193 -36.3397 81.5435
337.1423 -38.5458 53.6539
310.5968 -53.9664 57.9933
371.2889 84.8922 275.8673
343.9656 89.2698 291.4750
349.0065 142.7085 287.9948
346.8620 117.8254 290.5889
379.9385 -16.4926 45.6910
194.9254 67.4383 188.3425
199.9544 40.3755 189.0110
370.6137 235.1454 95.9624
358.5209 242.4321 93.8043
374.2622 233.6359 83.9744
389.6240 215.8808 96.5704
358.7711 202.9201 264.7029
346.6572 219.4835 256.2901
329.7080 210.4012 271.4328
327.6114 230.6547 250.3936
365.4769 216.4202 241.0857
376.0180 -20.2653 14.1471
367.6271 -28.1891 14.7633
275.8769 169.2694 293.6286
298.6380 160.3759 297.8897
300.9849 186.7818 288.9023
276.9230 151.3028 298.4939
248.9242 123.2669 293.5945
235.8783 14.4395 140.3437
220.1320 25.9992 112.9098
333.2976 216.9212 257.9628
334.9902 228.6884 241.4600
354.2472 212.8253 251.6258
251.3874 55.2826 281.2593
274.0884 45.1341 284.8749
295.7019 46.4963 289.2290
314.7264 -1.9843 244.1761
339.0224 11.8495 252.7845
340.8096 -4.6990 222.3575
319.0877 -13.6387 218.2085
307.6917 -21.1132 213.6054
186.4716 80.5274 86.5655
183.0049 95.1649 76.7634
186.4996 88.2027 65.7380
182.7423 99.8834 86.0408
361.5984 192.5739 262.5883
372.2055 194.8872 247.4486
348.6140 179.6812 278.2820
352.1255 233.4006 157.2657
212.2944 17.2512 199.9874
289.3639 -32.0943 110.5927
291.7366 -36.9362 121.1893
298.6155 -33.2721 112.6000
288.3551 -29.9531 147.7490
282.3059 -32.6313 115.4730
317.5917 259.8204 109.2075
351.6531 252.5452 109.4431
351.5953 253.5645 97.6351
208.1934 52.7901 151.2825
183.7147 107.6825 64.6334
195.5980 102.1858 45.1655
195.6570 128.9345 53.7994
200.2540 131.4615 51.6704
201.5562 161.7341 58.4844
184.4601 153.1821 77.1069
319.7426 -18.1042 177.7561
189.0630 75.0399 50.0294
419.8819 80.5775 67.2157
420.9174 111.2617 77.3276
394.3956 195.1611 143.0642
394.0247 190.5225 164.0330
393.6896 191.4066 156.3864
374.2052 219.2505 159.8595
396.5450 198.3813 134.2735
374.6557 227.6855 133.4436
310.9614 48.0640 293.9117
300.4867 64.8580 300.0176
417.0905 82.1885 98.9780
378.2682 163.6422 57.4768
386.5356 166.6629 57.5618
412.6791 71.7721 71.1235
411.2821 79.9883 62.1368
372.1405 33.5459 256.1771
329.2091 22.8443 275.1423
379.7228 212.2805 56.4111
205.7076 194.8372 144.1525
220.9484 222.5755 133.4059
234.8777 236.2888 133.9792
220.6424 235.4808 110.9746
366.8699 -30.9184 30.3573
373.1525 -28.0165 23.0243
370.1417 -18.8894 28.4374
366.2907 -21.0428 36.5611
370.0350 -19.4830 42.9034
197.4837 63.7068 174.3706
196.5750 72.5441 176.1473
197.4503 57.3317 152.7512
189.3317 89.9427 134.4442
251.4193 123.1121 294.0663
250.3078 140.1811 293.0001
203.8577 104.1006 253.6316
201.7758 88.4920 242.9869
197.6665 115.4283 229.5490
196.8622 132.3862 227.7987
191.6462 191.1659 102.5367
196.3629 193.7421 94.6813
198.4981 203.8550 112.1740
182.3534 167.4404 104.8913
334.7775 -37.5893 11.1125
334.0261 -41.4690 11.9667
304.7318 -27.8136 191.8037
294.8284 -42.8264 96.7165
288.0350 -36.5101 111.7773
301.2617 -37.7533 113.7291
309.9342 -47.8682 94.8481
312.4117 -42.0733 96.0123
312.2206 -36.4096 111.9933
192.4938 30.0203 44.3870
199.4878 14.3616 27.1052
258.0386 -28.3394 73.1972
260.2743 -20.5021 80.1023
232.0261 -15.8560 54.7039
288.1622 -57.0812 58.3393
312.7225 -57.0707 58.4835
245.2297 -42.8590 24.5923
362.3096 -37.3705 14.7121
240.4273 238.0811 126.6151
227.4002 221.0128 137.1656
242.7435 232.4109 147.0019
397.9772 57.7692 24.6940
394.3780 15.5780 23.4574
420.2538 156.3223 110.5543
377.3261 -19.9135 28.2185
370.8887 -22.4905 29.9405
368.5773 -23.8897 36.4499
340.8078 -37.6559 44.4444
325.8574 -50.7360 43.2277
361.2073 -28.7763 32.6444
324.8046 165.6555 294.6170
325.8287 193.0545 283.8120
379.5466 -24.8449 19.2170
212.3520 32.0608 116.4183
215.3047 32.7262 111.5276
216.6885 21.5836 104.2773
213.8960 35.0009 114.7638
422.6349 158.2799 103.3057
423.1339 163.4590 106.3483
407.9391 148.4791 145.3387
252.7100  1.5320 149.9844
269.8661 -22.6115 112.8492
267.5092 -11.2906 160.8952
393.1776 38.7689 118.3933
304.6522 -30.5914 14.0367
348.3524 11.8366 153.1902
382.9275 40.2289 113.1893
385.8270 49.6826 92.1412
390.6718 66.0651 103.1405
212.1440  4.2981  4.6899
395.0268 61.8293 111.6082
335.9945 -47.8408 31.4689
334.1287 -47.1642 26.2200
355.9074 -36.7866 19.0441
197.3195 205.3275 97.4412
221.8744 238.6224 98.2966
261.3606 -17.6497 101.2981
249.6394 -6.9063 81.2984
271.9824 -20.9864 102.4024
394.0583  4.7887 33.9692
354.6238 249.5279 97.0024
213.5176 49.3678 241.4712
205.5342 74.2978 239.4564
212.6396 59.4312 248.0654
215.4131 75.1227 259.9611
203.4256 79.9509 228.9189
216.6838 18.4304 193.4197
211.7927 38.6893 189.5911
209.0876 30.9232 192.0385
214.2655 23.2108 197.6728
358.3086 239.9391 137.1504
365.3989 228.8533 157.6026
318.9813 -44.4347 92.2092
309.7109 -58.3677 60.2161
350.5463 74.7944 286.6815
320.4495 57.6443 291.1011
226.0495 35.5839 256.1762
238.7839 42.9550 273.2608
218.4692 -13.6940 33.4409
234.9261 -24.2496 41.3828
254.7123 236.7731 155.9323
394.1843 99.4587 217.0537
394.0139 121.3204 177.1058
394.3657 83.6249 199.2128
394.0061 135.1330 213.5907
394.2997 86.0153 177.0503
395.2519 143.5748 170.8987
395.3349 109.5802 174.0814
408.2324 121.0537 167.9676
410.3361 122.7472 167.6647
293.1587 140.2242 301.5482
226.8561 31.4291 244.2381
212.2991 33.8250 216.1907
223.8462 17.6183 217.6791
400.7099 15.2764 27.1451
398.0253  0.0807 26.0756
387.7488  7.3990  3.8812
385.2920 -19.5175 27.5145
384.9829 -9.8415  5.8956
378.7254 11.6464 213.3940
383.7218 33.3912 238.9063
209.8504 42.6611 133.3407
209.0199 51.5458 139.4695
271.8242 -21.0679 96.8761
365.4282 245.2638 110.7230
382.4167 232.5639 111.2751
382.7170 98.5073 272.2983
373.3454 83.2344 279.6202
379.0755 67.0656 271.0888
364.2212 115.5631 287.1416
302.7959 238.1480 243.3549
302.7496 242.4575 230.3988
398.6622 85.7259 178.6438
398.2858 146.3598 174.1093
398.8170 81.3574 184.6355
338.3655 -38.0553 15.9110
328.3397 -17.0084 213.4103
345.8407 -10.2748 213.0592
382.0921 -22.1077 23.9759
405.0331 64.9616 198.4147
375.5932 239.4269 109.9537
399.2404 214.6949 111.6115
215.0931 13.6087  2.4602
198.6010 52.0325 20.3685
413.3262 88.2093 56.4465
413.6311 94.0703 70.1231
416.1749 120.8964 78.8236
415.6857 111.0050 64.6771
394.3977 180.5327 146.3301
403.8770 138.5828 167.0899
393.9378 181.9419 60.9664
403.9355 195.0298 84.6876
385.4271 204.6603 62.9956
374.8601 197.5251 237.6271
391.6601 164.8554 240.9651
355.8941 220.5808 235.8136
414.7957 98.3552 116.0328
412.0666 96.6948 127.7010
416.8542 122.9654 108.6809
222.1150 -26.5537 18.9926
335.2073 148.3750 291.6586
198.0240 152.5155 179.6786
196.6776 151.5797 174.2006
201.7381 147.4175 174.5348
202.4212 149.7961 178.7968
368.1180 213.0424 208.8409
387.8161 191.7329 165.9938
331.9180 -17.9382 96.1597
359.4981 236.0330 62.0610
401.4275 82.5847 35.6230
403.8261 96.4259 42.8124
396.5569 109.6407 44.1808
403.6629 126.1519 52.1695
385.2280 53.0300 255.9532
364.9451 47.1229 273.0286
203.4764 155.2676 246.2237
224.2288 214.0573 60.4695
393.1021 17.5044 62.7007
399.7613 32.4754 66.5017
201.0995 54.8563 25.8767
196.7759 45.4243 35.4374
203.4518 24.8258 25.5247
211.8364 64.0111 23.0489
198.5294 76.6969 33.8433
394.0216 58.4312 186.6079
358.6897 -1.3049 192.6272
396.3621 80.6406 230.5439
393.8616 79.2639 243.1362
399.7444 77.2545 201.4713
398.8464 91.8530 221.0310
207.3084 156.8461 244.1976
242.0733 167.3689 277.5321
201.1545 88.7570 217.3903
215.4045 187.3001 59.4253
210.3445 143.0722 52.9704
209.9408 196.1286 62.7734
344.7485 185.4866 282.4915
360.6013 183.0440 275.2937
177.2807 114.1898 101.8745
247.4050 22.1943 255.0314
239.7801 15.9349 238.8814
410.1462 71.2274 48.2180
231.6871 62.2213 272.6505
236.6761 214.0329 247.8777
293.8033 -23.8275 178.0457
288.6043 -11.6023 181.5046
297.0278 -12.5568 183.2439
312.5366 -22.7925 175.4091
310.5026 -11.0758 183.2893
399.0363 140.5189 53.6800
398.6477 164.4843 59.3616
401.5549 72.4829 192.3512
398.0661 47.7690 192.3497
397.8638 56.7570 201.9179
270.3823 -15.9592 192.9012
204.1749 98.7451 40.4036
327.9039 -25.9027 102.7518
210.3624 49.4391 186.0922
232.8450 -2.8306 77.0853
384.6575 73.3492 259.3877
401.8302 152.6983 176.7350
402.0126 157.2077 178.1670
379.3612 28.8243 80.9026
201.8040 61.9960 177.3040
230.0459 46.2230 262.0452
258.8585 26.3057 266.7065
398.4944 146.6759 214.7305
391.6131 172.1937 228.5564
177.3531 160.2373 103.9735
343.9066 -27.1443 72.3748
411.0174 160.0918 127.3670
193.5761 104.0680 150.5651
190.8079 94.5491 134.3700
194.5701 110.9093 143.1389
187.8919 96.7803 127.2587
200.2550 87.6371 131.5589
193.7558 85.0206 143.1096
206.8875 63.1855 148.2834
202.3870 78.6092 138.1351
195.5514 132.1630 142.7367
186.5750 132.6388 119.7148
191.8386 119.8430 138.8583
201.3478 138.1808 213.0564
376.5507 -11.6991 49.8504
248.5195 116.7339 289.2362
261.2339 115.4507 293.6085
252.3722 141.5859 288.6512
274.1936 -6.2749 189.0722
374.1057 177.4486 266.0775
203.0153 79.7710 116.9414
202.5859 73.8163 120.6025
204.8873 62.1810 111.7990
208.9447 67.1585 104.0172
205.7496 64.7147 121.8121
385.2942 30.3282 185.6813
405.3576 51.0462 76.3975
216.7204 41.7167 111.4099
213.2539 53.6367 95.0426
206.5144 51.1735 82.1922
203.8367 60.9574 87.3899
205.4953 18.4966 31.5056
202.3401 14.7324 41.5517
206.9180  2.8581 33.4630
224.3035 218.6937 63.1203
208.8241 215.7581 85.5321
228.0496 236.1922 84.3274
394.9307 64.8385 103.2077
395.2377 56.3464 238.5916
393.2555 75.2266 254.3975
399.6073 84.8341 240.4221
377.6968  6.7938 200.4415
376.5513 26.8695 140.7532
186.8612 169.6043 81.2041
196.4812 196.4043 84.6851
397.4544 150.2111 177.5931
398.7694 97.6983 216.7214
398.6619 139.0214 213.1134
260.8438 -46.1708 32.1432
240.3260 -7.3996 77.3322
267.8370 -22.8222 99.3186
238.9258 -10.6303 77.6770
231.4753 -6.5526 77.7020
205.8030 88.9654 178.8253
205.6402 90.9928 209.8140
205.8191 113.9736 216.2688
395.5789 35.8128 11.7464
416.4319 141.9079 74.4960
218.2697 14.4631 211.1758
215.9243 108.1119 44.6411
191.8597 66.5971 85.2757
186.1951 88.7482 96.7714
198.2061 79.8458 97.0671
281.5082 246.9013 182.4223
194.8526 115.5522 160.3449
198.4156 116.3028 152.4762
201.2328 75.7289 179.2048
378.1109 -20.5000  8.3235
243.7325 250.6063 109.6877
209.8967 43.2747 119.9072
363.2506 -23.4075 44.8642
394.4245 77.0321 184.9438
394.9748 45.6416 190.8223
286.4021 248.4787 152.8305
196.3094 108.5282 168.6371
276.9984 -6.9958 175.5738
393.0747 213.5992 85.7455
229.5486  7.3686 201.4779
408.9426 93.6279 135.2777
378.3776 206.4049 60.0449
346.0599  1.5673 156.8434
328.1278 -19.0612 172.7576
423.8773 131.9973 84.0540
417.2354 180.4961 95.0734
358.0251  6.8309 186.4324
385.0302 136.0654 267.8638
185.1978 96.6854 113.1806
182.5781 104.9218 103.2631
184.2895 149.9504 113.6060
334.0502 -6.8940 186.8203
299.4426 -22.3973 188.1306
402.6459 204.6353 118.2722
403.6067 208.6156 113.1159
249.8796 83.9017 288.4668
277.7631 -18.9486 169.5602
248.1984 140.2683 291.8910
409.8438 147.7467 124.1504
415.9049 153.8058 110.2599
408.5715 121.2936 137.3182
346.6072 122.9696 294.8307
318.8465 -21.1290 195.1777
386.1743 35.0954 115.1416
396.8890 117.8246 219.8660
332.1400 -11.2570 161.4743
295.9785 87.0931 303.2960
325.0527 -17.6234 166.2136
252.2795 140.1099 293.7974
254.5738 139.9300 294.5165
362.5529 -9.8253 76.8496
332.1096 -27.8825 101.3485
388.1782 30.9829 71.1168
288.5113 -15.9890 187.2435
215.3353  0.8039 55.1074
234.9737 -5.2584 63.1800
209.0658 60.0909 135.5024
200.9475 139.4063 220.6956
331.5240 -26.8137 10.7211
208.1988 169.9129 234.7302
206.7378 39.0112 118.4603
207.0564 38.7619 135.6071
222.6397 28.0732 102.6405
