402.5032 101.8225 226.6532
402.3076 140.9239 215.1182
402.7061 113.7505 224.4648
403.1033 135.8749 227.5917
364.5229 -18.0595 63.6996
369.8403 -16.0678 60.0833
369.6613 -14.5139 61.0206
363.1385 -15.9548 65.9605
371.0487 -9.6219 62.4357
267.0856 -35.8818 84.8292
277.1242 -42.4571 90.2283
272.7896 -39.4747 88.0331
223.2470 -14.5715 54.7246
236.6011 -8.2860 71.2103
279.6635 -42.0214 91.7283
283.7789 -44.4770 93.3166
281.4187 -41.8763 92.7711
285.0996 -40.8756 95.1954
288.0960 -47.4471 94.4529
382.7507 -9.9148 54.2853
314.1479 -45.7093 95.5215
397.7552 62.0794 178.1752
402.1533 72.0299 176.6530
401.6320 75.3615 177.0908
409.0139 121.1958 170.9488
402.6857 64.7203 175.3164
366.4674 -10.7369 65.4834
366.8946 -4.6615 72.0032
390.3872 27.3088 75.7761
400.8507 30.3369 74.1356
402.6446 36.1569 75.1090
407.4390 61.0151 88.9126
394.0722 46.7296 86.5713
396.2732 49.4758 89.3241
185.1505 76.9282 97.4007
184.9867 82.5319 98.4197
185.9637 73.4756 94.2746
201.4426 62.0524 94.8175
397.4790 61.9010 135.4309
395.4564 54.5534 136.6032
398.5196 59.6211 131.4543
398.7109 68.3741 126.7620
349.8899 144.0885 293.0045
348.7935 123.1749 293.9874
352.9338 144.2109 291.3623
343.7646 143.9692 294.7800
407.0400 131.1647 152.6411
406.8288 121.6262 150.9242
410.3307 126.2581 143.5918
407.3438 115.4366 152.8507
401.7554 106.0930 239.6622
401.6788 96.6591 218.8243
405.0709 109.2168 227.3574
286.9094 -57.5645 58.6588
193.2705 48.9616 83.5004
192.0570 53.4564 85.8289
189.9871 62.9603 89.5777
201.4335 53.1955 86.9323
195.5687 40.3837 79.1664
202.2693 45.3901 81.8871
198.3650 30.2318 72.5452
203.9794 36.9564 78.3244
289.7942 -40.0872 114.6185
413.7628 92.4346 134.9785
396.8478 55.0254 150.7412
195.5820 85.4091 130.2291
185.4044 94.2678 132.9799
203.9413 54.6152 150.0927
201.5359 61.7569 135.6270
200.9666 70.4571 125.8050
201.3372 69.3375 104.0095
397.1244  0.0719 26.3454
386.2003 -18.3851 28.1655
375.4637 -20.5330 44.1802
217.5357 -22.3459 29.1126
229.3489 -33.8947 13.3292
202.2728  2.8361 26.3074
394.0127 194.9551 143.6744
404.2684 208.0331 112.7187
372.4053 224.7106 143.6266
365.2364 247.4746 110.6285
411.8977 195.7045 97.7722
421.8868 163.8071 108.2565
195.8433 208.1195 112.7008
232.8849 230.8066 143.8234
232.0687 245.3628 110.6898
188.1546 193.5375 97.1631
206.1773 196.2711 141.0153
242.8347 253.4723 97.1536
404.2119 85.6713 132.2791
416.4861 83.2961 98.8535
397.7891 68.6427 103.4864
383.9469 -16.1181 14.5972
365.4664 -19.5716 51.6510
363.8433 -16.8508 28.6863
211.7769 27.0851 77.3442
264.2068 -40.7769 11.9653
277.5931 -59.1764 37.2201
310.8448 -48.6372 17.5823
230.7243 -12.7407  0.9053
211.3563  8.5623  0.8209
421.1292 100.4663 92.5745
414.6198 124.5323 134.7725
411.2517 114.3019 143.2214
411.3719 120.2032 158.8360
242.9151 189.2758 277.6737
202.8910 160.8443 246.1721
219.2088 121.7007 274.6174
203.9555 98.8656 253.4113
239.3142 63.3583 286.2858
278.0963 83.7347 303.1739
215.1913 43.1103 255.3128
243.2690 117.4283 292.5390
248.3872 143.8567 292.0735
412.2736 69.1789 93.8578
398.4372 62.2951 94.9673
412.5764 73.3194 93.1702
302.2207 -32.1065 10.0356
301.7501 -18.2849 15.1182
379.8653 -12.8432  0.7026
390.6950 58.0896 147.3660
407.0559 94.8857 137.7354
392.0604 48.4219 118.9719
380.1318 28.7044 127.1805
395.3887 64.9678 176.4315
382.4317 15.6087 212.4653
344.7930 -11.8404 213.3698
382.2944  9.3511 200.3064
407.1912 82.3546 197.1874
403.9907 62.3343 210.3300
386.6757 43.7424 251.6004
226.4554 206.4719 244.2376
273.0484 240.1996 238.6125
355.1249 -12.5435 190.8885
328.4764 -22.4708 201.5069
302.9352 -27.2002 189.6841
275.9414 -24.1157 201.4533
248.6569 -15.3596 191.3414
223.8621 16.2017 186.0552
301.0642 -19.6241 186.7422
379.1859 19.0498 185.9320
318.7734 -21.9221 172.0261
284.2780 -23.5997 172.1127
284.2109 -11.3562 183.0459
319.0437 -10.1931 188.0245
366.1257 27.1170 145.8968
316.3225 -33.4791 115.4252
288.6700 -36.1832 116.6640
200.1535 210.4676 108.8513
212.7843 197.5256 146.0937
194.4301 142.4106 140.1116
183.3238 164.5992 107.7089
203.3573 160.8951 174.1785
195.2213 115.4931 166.0838
191.5756 97.6871 137.8890
383.8586 107.6250 42.4093
366.9418 36.8573  6.8532
401.0574 95.2775 39.7256
374.0195 182.7382 58.6653
394.9885 185.7399 62.2294
395.8153 34.9484 17.8161
416.9986 99.6407 68.9020
390.9793 66.6942 102.0084
417.2545 94.5525 97.4091
367.5880  3.8693 69.8567
205.1514 27.2094 188.7650
202.4240 57.3152 181.2185
195.5938 82.0942 192.9366
207.9921 18.6918 200.0303
320.5851 -59.9748 37.9588
365.8891 -30.1685 35.4547
313.0089 -57.8193 58.7809
370.8433 -32.5741 17.4449
369.3558 -21.3658 37.7831
214.0094 38.3166 126.5404
231.3297 30.2281 146.9170
205.5038 65.1829 179.0554
222.5780 25.3426 188.1419
205.0395 60.3050 152.8188
253.5343 239.6356 151.0312
238.0808 244.5017 101.6571
280.9887 256.6399 103.6280
324.9521 256.3361 98.5504
331.3734 28.2516 274.9817
274.8952 37.8266 283.4462
308.2282 72.9144 298.0732
358.6564 84.7877 285.4598
338.5432 138.3501 295.1000
287.7029 139.1416 298.1827
234.9388 69.4721 281.8595
397.3701 164.4359 244.2086
401.1430 152.6313 174.1913
354.2253 240.2405 59.8546
275.5538 224.0557 57.8658
341.2635 218.5443 56.5641
298.8588 247.9627 59.7144
371.5804 239.2307 86.2073
319.3745 -24.7712 179.4973
348.6389  3.5631 156.8358
327.0475 -11.6718 175.0561
314.8967 -37.4172 112.3602
283.8660 -25.7713 182.0465
407.9211 131.0220 49.6552
294.9384 -22.6017 214.0415
334.1189  7.3490 260.3070
285.8664 149.8888 300.5687
257.6467 144.5720 294.8608
282.8562 211.1612 276.6549
326.2480 92.5810 302.6634
353.3944 180.3545 285.9345
355.7908 123.6264 292.4012
356.3855 114.0448 292.3755
344.5069 115.8907 297.3534
389.8222 192.5050 146.9499
368.4028 240.4391 107.7048
399.4413 209.2542 108.1803
347.0322 239.6865 152.1444
390.4930 131.3763 257.7092
388.4448 63.0142 255.2753
337.5995 246.3994 152.2127
351.7204 227.0072 249.4114
390.9950 35.8906 80.4878
198.1481 96.6639 219.7774
196.1668 63.2646 210.3315
225.0444  4.7908 213.1318
255.6177 116.4667 297.1686
250.5997 123.0901 293.4394
286.9895 29.6123 285.7838
339.0607 42.5478 286.5836
282.0669  0.0213 259.3906
269.2688 247.6205 150.0901
297.4236 261.0559 109.7774
210.7075 34.8712 118.4145
215.2238 34.7863 136.1733
254.2758  1.2211 159.0895
219.7706 34.5278 148.6710
401.2223 37.9335 189.4699
365.2310 -1.5557 83.2070
398.8004 143.0759 219.8092
389.3335 175.3245 238.2003
404.2736 130.6957 146.9680
397.4052 157.2238 170.9534
350.9821 223.7300 247.0337
355.5182 190.8138 272.0857
179.6439 78.3722 67.1697
178.2086 100.9994 92.8903
177.2101 114.5868 73.9320
404.9441 107.9374 167.3172
372.5566 -20.2015 27.0114
383.3763 -13.9554 32.0147
379.7391 -17.5085 32.8625
396.5077 112.7948 230.7667
301.5888  4.0570 258.9885
259.2543 -1.3230 231.9425
339.0129  0.4824 239.0235
276.4453 -21.9560 195.5679
215.2000 37.3780 79.3758
183.4758 93.0516 98.2251
207.6108 70.7149 99.7666
208.8118 56.2666 115.3665
198.2678 106.3991 239.7084
198.7566 36.6196 69.4790
203.3701  8.8571 34.7031
220.8568 -14.3771 41.7881
180.8074 132.7346 77.2634
400.6609 138.1886 236.5951
395.8015 101.6703 255.3937
402.0883 115.9877 235.0269
199.2215 138.0331 236.6564
198.1064 115.9916 235.1898
196.9653 136.0109 227.6899
226.1524 23.1356 236.1847
216.3504 16.0509 193.2713
397.2620 55.3244 184.2048
397.8770 79.7186 182.9399
316.6859 -41.3802 88.8047
313.3316 -57.3724 45.4441
279.3223 -56.9094 37.3560
316.9619 -46.8020 21.2657
377.2903 32.1005 148.5543
384.9078 34.3655 136.1153
422.8130 99.4931 74.8252
425.3178 117.5666 71.6007
242.3999 247.6514 81.3530
231.7604 233.1614 61.1502
374.6406 80.5902 280.3125
359.8687 240.1342 55.7932
261.1606 250.2211 54.9278
346.5181 257.0703 87.7440
399.9031 215.4794 88.7551
355.4486 254.3549 97.3271
286.8700 -42.6069 91.1362
185.2222 122.7641 133.9920
192.3206 132.4493 152.2100
188.4704 114.3551 143.0720
190.6647 123.1472 146.1125
275.3351 -13.0157 177.0140
190.8987 120.2051 168.7792
191.7415 111.2637 153.9452
178.2758 163.7821 108.5218
183.1967 184.3672 86.5156
239.7252 215.3604 248.2323
205.4326 160.2948 244.2475
239.0352 139.7946 284.3885
264.7703 190.4104 282.0577
188.4859 122.0776 157.8103
197.4384 154.4472 173.4554
202.3860 208.0483 87.7060
238.4056 -5.0002 70.5755
406.9126 50.8964 82.8081
413.5421 171.8998 82.6731
418.4617 164.6755 103.4530
199.4001 70.5714 192.0757
204.6898 58.0488 231.6514
202.6495 97.3197 225.4853
389.6930 34.9896 119.8273
359.8543  0.9880  5.1256
381.4235  2.2173  3.7007
388.6157 18.5826  0.9469
235.5152 249.8829 87.7649
203.3866 189.0350 57.4104
303.2535 -32.8805 14.6819
399.9693 69.3814 190.2857
395.7722 39.4362 192.3375
202.8731 143.0110 218.6952
377.7633  9.0064 196.8796
326.6784 -19.9897 195.1366
240.6387  0.4006  5.7885
232.5127 37.4375  5.2524
217.5889 -3.6241  2.8928
204.8056 56.8541 136.2951
228.3427 189.3624 58.2723
292.9427 238.7639 234.4718
215.5298 120.1679 46.2204
194.7783 107.6873 46.5388
192.6897 61.2570 44.5139
194.6206 109.8690 227.2760
198.3321 141.3401 215.0372
405.0980 39.0294 65.2315
