 0.1893 -0.5767  0.6341
 0.2188 -0.5686  0.6620
 0.1920 -0.5599  0.6233
 0.1907 -0.5904  0.6237
 0.2124 -0.6035  0.6522
 0.2096 -0.5795  0.6630
 0.2114 -0.5032  0.6496
 0.2233 -0.4801  0.6336
 0.2362 -0.5174  0.6062
 0.2315 -0.6005  0.5971
-0.2865 -0.5562  0.3382
-0.2805 -0.5469  0.3322
-0.2588 -0.5504  0.3396
-0.2821 -0.5711  0.3974
-0.2938 -0.5384  0.3358
-0.0495 -0.6109  0.8119
-0.0521 -0.6316  0.8077
-0.0547 -0.6212  0.8114
-0.0405 -0.7034  0.7941
-0.0561 -0.6176  0.8250
-0.0149 -0.6571  0.7964
-0.0256 -0.7095  0.7627
 0.2351 -0.5863  0.4826
 0.2363 -0.5934  0.4582
 0.2206 -0.5909  0.4724
 0.1875 -0.5997  0.4626
 0.2154 -0.5957  0.4797
-0.2577 -0.5670  0.3988
-0.2285 -0.5804  0.3891
-0.2648 -0.5655  0.3834
-0.2518 -0.5725  0.4035
-0.2511 -0.6261  0.4020
-0.2614 -0.5697  0.4007
-0.2595 -0.5669  0.3979
-0.2466 -0.5832  0.3701
-0.2760 -0.5612  0.3451
-0.1771 -0.4823  0.7451
-0.1776 -0.4849  0.7423
-0.1898 -0.5381  0.7336
-0.1750 -0.4830  0.7335
-0.1647 -0.4695  0.7614
-0.1518 -0.4754  0.7290
-0.1746 -0.6053  0.6363
-0.1776 -0.6064  0.6437
-0.1616 -0.6113  0.6302
-0.1834 -0.6113  0.5980
-0.1860 -0.6026  0.6370
-0.2935 -0.4990  0.3404
-0.2556 -0.4712  0.3376
-0.0099 -0.6758  0.8301
-0.0050 -0.5995  0.8313
 0.2628 -0.4702  0.3406
 0.2484 -0.5378  0.3367
 0.2628 -0.4506  0.3397
 0.2723 -0.4376  0.3538
 0.2629 -0.4590  0.3394
 0.2419 -0.4591  0.3456
-0.3775 -0.1883  0.3613
-0.3880 -0.1732  0.3479
-0.3961 -0.1875  0.3721
-0.3757 -0.2118  0.3759
-0.3744 -0.1941  0.3443
-0.2470 -0.5773  0.5054
-0.2500 -0.5261  0.5101
-0.2357 -0.5700  0.5008
-0.2392 -0.5724  0.5036
-0.2237 -0.5797  0.5063
-0.2066 -0.5600  0.5048
 0.0758 -0.6084  0.7966
 0.0787 -0.6098  0.7974
 0.0973 -0.6217  0.7950
 0.0977 -0.6209  0.8005
 0.0662 -0.6538  0.7791
 0.0496 -0.6307  0.7980
 0.0576 -0.6204  0.8217
-0.3806 -0.5975  0.3201
-0.3637 -0.6503  0.3404
-0.3495 -0.6217  0.3387
-0.4102 -0.5740  0.2875
-0.3787 -0.7212  0.3352
-0.3219 -0.6549  0.3626
-0.3314 -0.6319  0.3428
-0.2419 -0.5725  0.5042
-0.2408 -0.5925  0.5333
-0.2577 -0.5690  0.5302
 0.3953  0.0068 -0.6533
 0.4091 -0.0149 -0.6320
 0.3996 -0.0171 -0.6388
 0.3131  0.0607 -0.7464
 0.3869 -0.0120 -0.6560
 0.4690  0.0918 -0.6405
 0.3729 -0.0724 -0.6479
-0.3947 -0.3158 -0.0737
-0.3861 -0.3067 -0.0842
-0.3814 -0.3001 -0.0713
-0.4125 -0.2631 -0.0344
-0.4081 -0.3196 -0.0739
-0.3910 -0.3189 -0.0788
-0.3901 -0.3003 -0.0992
-0.3972 -0.3993 -0.0854
-0.3898 -0.3961 -0.0643
 0.6152 -0.0698  0.1213
 0.6143 -0.0798  0.1422
 0.6185 -0.0903  0.1607
 0.6012 -0.0891  0.1378
 0.5702 -0.0770  0.1308
 0.6063 -0.0832  0.1364
 0.6047 -0.0671  0.0594
 0.6414 -0.0574  0.2106
-0.3652 -0.5575  0.3110
-0.4168 -0.5193  0.2870
-0.4423 -0.5419  0.2456
-0.3978 -0.1746  0.3311
-0.3842 -0.1796  0.3408
-0.3744 -0.1970  0.3324
 0.3838 -0.1941  0.3532
 0.3874 -0.1875  0.3402
 0.3757 -0.2146  0.3316
 0.3999 -0.1833  0.3266
 0.3893 -0.1823  0.3568
 0.3827 -0.2169  0.3778
 0.1756 -0.5088  0.6987
 0.1805 -0.5373  0.7244
 0.1784 -0.5060  0.7099
 0.1623 -0.5907  0.6900
 0.1907 -0.4937  0.6674
 0.2018 -0.4811  0.7020
 0.1810 -0.5111  0.7159
-0.2128 -0.5067  0.5984
-0.2223 -0.4938  0.6025
-0.2056 -0.4837  0.6235
-0.2237 -0.4801  0.6291
-0.2144 -0.5095  0.5971
-0.2341 -0.4994  0.6160
-0.2070 -0.5174  0.6042
-0.2143 -0.5231  0.5984
-0.2208 -0.5773  0.5886
-0.2394 -0.5822  0.5928
-0.2012 -0.5878  0.5938
-0.1888 -0.5652  0.6216
-0.2271 -0.5890  0.5918
-0.2313 -0.6034  0.6070
-0.1674 -0.6186  0.7567
-0.1829 -0.5781  0.7399
-0.1905 -0.5496  0.7355
-0.1910 -0.5608  0.7424
-0.1951 -0.5472  0.7461
 0.1775 -0.5645  0.7428
 0.1672 -0.5695  0.7472
 0.1839 -0.5351  0.7340
 0.1492 -0.4905  0.7256
 0.1679 -0.6086  0.7593
 0.1671 -0.5893  0.7484
 0.2760 -0.5713  0.4009
 0.2624 -0.5458  0.3758
 0.2693 -0.5537  0.3373
 0.2270 -0.5453  0.3813
 0.0939 -0.6900  0.7806
 0.2040 -0.6189  0.5911
 0.2146 -0.6243  0.5908
 0.2167 -0.5964  0.5723
 0.2219 -0.6256  0.5903
 0.2070 -0.6313  0.5935
 0.1764 -0.6336  0.5627
 0.1650 -0.6080  0.5471
-0.2212 -0.6472  0.4039
-0.2226 -0.6400  0.4062
-0.1977 -0.6409  0.4186
-0.2057 -0.5953  0.4174
-0.2361 -0.6271  0.4091
-0.2506 -0.5751  0.4218
-0.0937 -0.6138  0.8026
-0.0637 -0.6440  0.8234
-0.0655 -0.6082  0.8064
-0.1032 -0.6275  0.7918
-0.1030 -0.6484  0.7994
-0.0670 -0.6051  0.7965
-0.0957 -0.6167  0.7957
-0.0449 -0.6566  0.7987
-0.0631 -0.7223  0.7919
 0.0488 -0.7147  0.7689
 0.0519 -0.7089  0.7888
 0.0511 -0.6935  0.8046
 0.0538 -0.7203  0.7531
 0.0568 -0.7205  0.7834
 0.0821 -0.7219  0.7789
 0.2012 -0.6926  0.5387
-0.2398 -0.6792  0.4185
-0.2512 -0.6606  0.4310
 0.2489 -0.5917  0.4078
 0.2490 -0.5966  0.4066
 0.2536 -0.5954  0.4055
 0.2607 -0.5700  0.3990
 0.2536 -0.6469  0.3950
 0.2209 -0.6192  0.3927
 0.2148 -0.5851  0.3811
 0.1930 -0.5670  0.7460
 0.1733 -0.4731  0.7405
-0.0865 -0.7091  0.7759
-0.0618 -0.7222  0.7549
-0.1830 -0.6302  0.6682
-0.1785 -0.6380  0.6672
-0.1810 -0.6152  0.6596
-0.1910 -0.6039  0.6499
-0.1915 -0.6326  0.6672
-0.2052 -0.6018  0.6022
 0.2746 -0.4456  0.2330
 0.2478 -0.4129  0.2340
 0.2861 -0.3667  0.2163
 0.2958 -0.2321  0.2149
 0.3695 -0.2197  0.2196
 0.3539 -0.2912  0.2425
 0.2988 -0.4082  0.2464
 0.1506 -0.5210  0.7470
 0.1075 -0.5215  0.7793
 0.1418 -0.5228  0.7192
 0.1332 -0.4941  0.8048
 0.0771 -0.5110  0.7965
 0.1673 -0.5003  0.7680
-0.1787 -0.4315  0.7388
-0.1796 -0.5001  0.7547
-0.1554 -0.3873  0.7509
-0.2011 -0.4811  0.7115
-0.1992 -0.4264  0.7037
-0.2393 -0.4295  0.6246
-0.1288 -0.4831  0.8123
-0.1192 -0.3984  0.7893
-0.1572 -0.3022  0.7339
 0.4081 -0.1815  0.3499
-0.1789 -0.6992  0.6330
-0.1637 -0.6780  0.6104
 0.2310 -0.6037  0.5006
 0.5745 -0.1010  0.1173
 0.2074 -0.5887  0.5886
 0.2113 -0.4908  0.6061
-0.2323 -0.5474  0.3785
-0.2633 -0.5446  0.3727
-0.2295 -0.5015  0.3542
-0.2295 -0.5160  0.3930
-0.2712 -0.5400  0.4163
-0.2471 -0.4443  0.3598
-0.2641 -0.4359  0.3872
-0.2268 -0.6888  0.4470
-0.1046 -0.6248  0.7730
-0.0972 -0.6556  0.7361
-0.1351 -0.6367  0.7378
-0.1245 -0.5933  0.7726
-0.0991 -0.6819  0.7882
-0.2168 -0.5860  0.3616
-0.0976 -0.7194  0.7304
-0.1131 -0.7173  0.7114
-0.1201 -0.7363  0.7485
-0.0779 -0.9048  0.7740
 0.0115 -0.9566  0.7968
 0.0011 -0.8908  0.7761
-0.0777 -0.9652  0.7830
 0.0887 -0.9265  0.7777
 0.0576 -0.9747  0.7840
-0.0134 -1.0075  0.7435
 0.2634 -0.5993  0.4179
 0.2165 -0.6779  0.4525
 0.2417 -0.6679  0.4675
-0.2571 -0.5947  0.4516
-0.2272 -0.6422  0.4926
-0.2330 -0.5892  0.4898
-0.3388  0.0445  0.4179
-0.3658  0.0001  0.4257
-0.2981  0.0194  0.3963
-0.2590  0.0482  0.3783
-0.3326 -0.0289  0.4401
-0.2845  0.0183  0.4360
-0.2752 -0.4395  0.3559
-0.2773 -0.4623  0.4007
 0.1015 -0.7026  0.7469
 0.0040 -0.6975  0.7989
 0.0412 -0.7083  0.8080
-0.0077 -0.7179  0.8184
 0.0802 -0.7229  0.7983
-0.1876 -0.6534  0.6977
-0.1678 -0.7074  0.6681
-0.1556 -0.7166  0.7067
-0.1476 -0.6618  0.7340
-0.1660 -0.6195  0.7312
-0.1781 -0.6098  0.6761
-0.1406 -0.7144  0.6802
-0.1330 -0.7089  0.7053
-0.1478 -0.6919  0.6567
-0.4695 -0.1634 -0.1560
-0.5072 -0.1860 -0.1285
-0.4541 -0.1278 -0.1423
-0.4530 -0.1311 -0.1842
-0.4762 -0.1354 -0.2041
-0.5320 -0.1741 -0.1779
-0.5133 -0.2077 -0.1438
-0.0199 -0.7221  0.7728
 0.0003 -0.7137  0.7979
 0.2994 -0.4639  0.2968
 0.2558 -0.4723  0.2609
 0.2500 -0.4870  0.3230
 0.2997 -0.4679  0.3615
 0.2903 -0.3866  0.3192
 0.2398 -0.6131  0.5012
 0.2288 -0.6780  0.5496
 0.2188 -0.6963  0.5221
 0.2000 -0.6730  0.4949
-0.5645 -0.1312 -0.0009
-0.5344 -0.1492 -0.0609
-0.5227 -0.1808 -0.0385
-0.5549 -0.1049 -0.0988
-0.5394 -0.1713 -0.1085
-0.5209 -0.1899 -0.0984
 0.2814 -0.4679  0.3846
 0.2940 -0.5022  0.3429
 0.2653 -0.5169  0.4175
 0.3826 -0.7483  0.1112
 0.4247 -0.7550  0.0754
 0.3477 -0.8448  0.2419
 0.3563 -0.7094  0.1794
 0.4127 -0.6968  0.0407
 0.1923 -0.7296  0.7131
 0.1829 -0.6987  0.6806
 0.1526 -0.7140  0.7365
 0.2349 -0.7126  0.6578
 0.1530 -0.6892  0.6506
 0.0858 -0.7048  0.7048
 0.1852 -0.8123  0.6963
-0.4942 -0.2948 -0.3857
-0.4943 -0.3361 -0.3264
-0.5178 -0.3714 -0.3219
-0.4516 -0.3222 -0.2377
-0.4579 -0.3132 -0.3388
 0.1873 -0.6845  0.5785
 0.1902 -0.7050  0.6148
 0.1785 -0.6946  0.6395
 0.1563 -0.6388  0.6272
 0.1855 -0.6512  0.6730
-0.2500 -0.4413  0.2398
-0.2175 -0.4549  0.3684
-0.2410 -0.4638  0.2866
-0.2330 -0.4907  0.3492
-0.2651 -0.4789  0.2735
 0.1427 -0.6595  0.7470
 0.1332 -0.6296  0.7434
 0.1217 -0.5938  0.7730
 0.1341 -0.6883  0.7680
 0.1044 -0.6511  0.7344
 0.0944 -0.6708  0.7872
 0.1259 -0.7328  0.7371
 0.1107 -0.7201  0.7113
 0.2695 -0.4531  0.5485
 0.2363 -0.5010  0.5793
 0.2729 -0.4999  0.4615
 0.2433 -0.4832  0.6129
 0.2567 -0.3845  0.5742
 0.2876 -0.4421  0.4777
 0.2363 -0.5691  0.4093
 0.2715 -0.5754  0.4189
 0.2379 -0.5656  0.4444
 0.2073 -0.5702  0.4617
 0.1826 -0.5121  0.7134
-0.2298 -0.4996  0.5856
-0.2211 -0.4833  0.5155
-0.4134 -0.0039  0.4253
-0.3833 -0.0168  0.4100
 0.2761 -0.6197  0.3410
 0.2682 -0.6739  0.3487
 0.2482 -0.6558  0.3255
 0.2792 -0.5758  0.3705
 0.2689 -0.5594  0.3443
 0.2355 -0.6777  0.3500
 0.2171 -0.6312  0.3477
-0.1911 -0.5993  0.4654
-0.2165 -0.5945  0.4426
 0.4004 -0.8489  0.2206
 0.4634 -0.6703  0.0310
 0.4632 -0.7491  0.0981
-0.2156 -0.5781  0.5342
-0.1827 -0.5781  0.5536
-0.1530 -0.2011  0.7668
-0.1270 -0.1812  0.6924
-0.1366 -0.1534  0.7814
-0.1254 -0.0987  0.8151
-0.0683 -0.0337  0.8575
-0.0527 -0.4985  0.8484
-0.0051 -0.6130  0.8677
-0.0117 -0.5547  0.8629
 0.0004 -0.6213  0.8536
-0.0963 -0.6181  0.8466
-0.1974 -0.6994  0.6136
-0.2150 -0.6162  0.5978
-0.2119 -0.5984  0.6606
 0.0968 -0.2896  0.7127
 0.0468 -0.3300  0.7600
 0.1056 -0.3166  0.7757
 0.0337 -0.3365  0.8374
 0.1016 -0.3559  0.7727
 0.1452 -0.3205  0.7472
 0.1430 -0.2674  0.7545
-0.2528 -0.4771  0.4372
-0.2496 -0.4594  0.4561
-0.2371 -0.4856  0.4267
-0.2546 -0.5057  0.5039
-0.2263 -0.4718  0.4585
-0.1559 -0.5683  0.7907
-0.1349 -0.5323  0.7688
-0.1412 -0.5382  0.7355
 0.1872 -0.5811  0.5481
 0.2162 -0.5788  0.5388
 0.2289 -0.5994  0.5733
 0.2523 -0.5806  0.5072
 0.2122 -0.5749  0.5022
-0.0009 -0.5742  0.8690
 0.0154 -0.4943  0.8355
 0.0160 -0.4841  0.8153
 0.0238 -0.5999  0.8799
 0.0505 -0.4850  0.8360
 0.0337 -0.4773  0.8002
 0.4916 -0.2147 -0.0226
 0.5252 -0.2011 -0.0244
 0.5570 -0.1497  0.0632
 0.5731 -0.1653  0.0143
 0.5741 -0.1301  0.0590
 0.5240 -0.1264  0.1553
 0.4535 -0.1852  0.1252
-0.4770 -0.1097 -0.1391
-0.5167 -0.1323 -0.1111
-0.5277 -0.1019 -0.1426
-0.4942 -0.1098 -0.1916
 0.2210 -0.5913  0.5430
 0.2307 -0.5904  0.5068
 0.1988 -0.5938  0.5052
-0.2430 -0.6477  0.3254
-0.2383 -0.5809  0.3343
-0.2092 -0.6196  0.3705
-0.2820 -0.6081  0.3350
-0.1180 -0.4858  0.7786
-0.1340 -0.4948  0.7911
-0.0952 -0.4854  0.7799
-0.1088 -0.6166  0.8093
-0.1603 -0.6049  0.8000
-0.2077 -0.5966  0.4986
-0.2293 -0.5855  0.5158
-0.2073 -0.6064  0.5410
-0.1808 -0.5998  0.5144
-0.2122 -0.6002  0.5817
-0.1489 -0.4950  0.7801
-0.1175 -0.5181  0.7865
-0.0707 -0.5121  0.7688
-0.1485 -0.5237  0.7422
-0.0870 -0.5049  0.8103
-0.2483 -0.4028 -0.2220
-0.2960 -0.4059 -0.1928
-0.2704 -0.3808 -0.2532
-0.2355 -0.3821 -0.2489
-0.2101 -0.3745 -0.2488
-0.2025 -0.4336 -0.1570
-0.2744 -0.5698  0.4093
-0.2052 -0.5303  0.4411
-0.2333 -0.5690  0.4142
 0.2369 -0.5077  0.4907
 0.1846 -0.5213  0.5306
 0.1986 -0.4995  0.4836
 0.2121 -0.5062  0.4395
 0.5593 -0.2758  0.0716
 0.5899 -0.2415  0.0353
 0.5352 -0.2686  0.0935
 0.5566 -0.2702  0.0215
 0.5331 -0.3011  0.1097
 0.4656 -0.2861  0.1187
 0.5093 -0.1979  0.0849
 0.5878 -0.1578  0.0658
 0.5500 -0.1458  0.0824
-0.5987 -0.1145  0.3368
-0.6311 -0.0657  0.2599
-0.5644 -0.0945  0.4071
-0.5796 -0.0794  0.4411
-0.5387 -0.1546  0.3934
-0.5449 -0.0930  0.4008
-0.3404 -0.3139 -0.0748
-0.3905 -0.2641 -0.0192
-0.3787 -0.2759 -0.1278
 0.1764 -0.2909  0.3605
 0.0758 -0.2902  0.4137
 0.0929 -0.2375  0.3927
 0.1300 -0.2128  0.3472
 0.2241 -0.2330  0.2438
 0.2470 -0.2791  0.2541
 0.1666 -0.3327  0.4140
 0.2095 -0.2834 -0.0101
 0.2278 -0.3224 -0.0396
 0.3006 -0.2944 -0.0600
 0.3434 -0.3113 -0.0646
 0.3226 -0.2744 -0.0298
 0.2944 -0.3920 -0.0984
-0.5699 -0.1524  0.0228
-0.5031 -0.1936 -0.0173
-0.4656 -0.2363 -0.0643
-0.5743 -0.1326  0.0463
-0.4956 -0.1748  0.0856
 0.4732 -0.2724 -0.1149
 0.4423 -0.2925 -0.1475
 0.4838 -0.2864 -0.1515
 0.4206 -0.3229 -0.0838
 0.4366 -0.2569 -0.0551
 0.5002 -0.2282 -0.1212
 0.5054 -0.1976 -0.0886
 0.4259 -0.2596 -0.0058
 0.3967 -0.2696 -0.0192
 0.3921 -0.3111 -0.0680
-0.5263 -0.1087  0.3662
-0.5684 -0.0755  0.2555
-0.4566 -0.1815  0.2821
-0.5599 -0.0201  0.4336
-0.3381 -0.3778 -0.1892
-0.3364 -0.3558 -0.2813
-0.2953 -0.3979 -0.1046
-0.2490 -0.4268 -0.1182
 0.0907 -0.3341 -0.1230
 0.0024 -0.3265 -0.0862
 0.0360 -0.2591 -0.1329
 0.0996 -0.3453 -0.1023
 0.1106 -0.3009 -0.1926
-0.1382  0.0728  0.4702
-0.1177  0.0925  0.4738
-0.1387  0.0941  0.4138
-0.1776  0.0648  0.5114
-0.1309  0.0952  0.5663
-0.1710  0.1189  0.4797
-0.1293  0.1240  0.5474
-0.1778  0.1411  0.4991
-0.2404  0.1617  0.4580
-0.2347  0.1151  0.4488
-0.1249  0.1586  0.5459
 0.1211  0.1367  0.5501
 0.1270  0.1207  0.5425
 0.1678  0.1420  0.5076
 0.1264  0.1019  0.5606
 0.1166  0.0889  0.4663
 0.2752 -0.6476  0.4151
 0.2180 -0.6577  0.4899
 0.2806 -0.6639  0.4788
 0.3015 -0.6688  0.4304
 0.3094 -0.6448  0.3631
 0.2545 -0.6308  0.3875
-0.1772 -0.7007  0.4881
-0.2014 -0.6741  0.4234
-0.1763 -0.6676  0.5156
-0.1581 -0.6882  0.5812
-0.1978 -0.6505  0.5295
 0.0097 -0.7545  0.7057
 0.0646 -0.7575  0.6815
 0.0173 -0.8231  0.6811
 0.0045 -0.7321  0.7281
 0.0796 -0.8507  0.6461
 0.1287 -0.7073  0.6344
 0.1409 -0.5034  0.7908
 0.1088 -0.4816  0.7782
 0.1043 -0.5122  0.8293
 0.1021 -0.6163  0.8123
 0.1648 -0.6006  0.8019
-0.2233 -0.5884  0.6767
-0.1854 -0.5970  0.7279
-0.1985 -0.5514  0.7286
-0.1805 -0.4980  0.7103
 0.1675 -0.4690  0.7594
 0.1678 -0.5722  0.7855
 0.1392 -0.5204  0.7701
 0.2904 -0.5523  0.3360
 0.1471 -0.6927  0.6580
 0.1363 -0.6037  0.6950
 0.1541 -0.6152  0.6763
 0.1889 -0.6160  0.6823
 0.1088 -0.7183  0.7711
-0.1062 -0.5893  0.8466
-0.1078 -0.5199  0.8313
-0.1483 -0.6068  0.8196
-0.0925 -0.5097  0.8085
-0.0975 -0.6134  0.8339
 0.2175 -0.5977  0.6859
 0.2029 -0.5459  0.7240
 0.1889 -0.6016  0.7256
 0.1805 -0.5982  0.6669
 0.2227 -0.5686  0.6649
 0.1663 -0.5985  0.7091
-0.0284 -0.6084  0.8282
-0.0288 -0.4907  0.8076
-0.2598 -0.5560  0.5046
-0.2381 -0.5483  0.5115
-0.2073 -0.5726  0.4677
-0.2435 -0.5870  0.4841
-0.1415 -0.6097  0.7235
-0.2431 -0.6744  0.3362
-0.2613 -0.6687  0.3335
-0.2513 -0.6843  0.3641
-0.5130  0.0866  0.5647
-0.5278  0.1390  0.5927
-0.5219  0.0594  0.5750
-0.5803 -0.0242  0.5378
-0.4953 -0.0104  0.5925
 0.6446 -0.0584 -0.0651
 0.6115 -0.0907  0.0186
 0.6002 -0.1145 -0.0187
 0.6230 -0.0884 -0.0979
 0.6539 -0.0578 -0.1205
 0.6062  0.0111 -0.1318
 0.6035 -0.0346 -0.0075
-0.5228 -0.3853 -0.2297
-0.4608 -0.3085 -0.1857
-0.4922 -0.2655 -0.1401
-0.4430 -0.2905 -0.1301
-0.4137 -0.3111 -0.2032
 0.5324 -0.2002  0.3854
 0.6008 -0.0986  0.3375
 0.5926 -0.1876  0.3242
 0.4776 -0.2430  0.4194
 0.4682 -0.2150  0.4031
 0.5629 -0.1022  0.4035
 0.2177 -0.6537  0.5379
 0.2738 -0.6852  0.5197
 0.2510 -0.7000  0.5970
 0.1719 -0.6605  0.5333
 0.1791 -0.6713  0.5890
-0.2191 -0.8110  0.6564
-0.2363 -0.7144  0.6571
-0.2628 -0.7924  0.5572
-0.1923 -0.8491  0.6646
-0.1888 -0.8547  0.6917
-0.2287 -0.8448  0.6485
-0.1933 -0.7328  0.7127
-0.3975 -0.2804  0.5401
-0.4303 -0.2798  0.4685
-0.3338 -0.3160  0.4732
-0.2845 -0.3057  0.5529
-0.3158 -0.3407  0.4510
-0.4447 -0.2689  0.4510
-0.3721 -0.2934  0.3931
 0.0183 -0.0313  0.8140
 0.0916 -0.1245  0.7326
 0.0492 -0.0500  0.8238
 0.0216 -0.0165  0.8737
 0.1310 -0.1489  0.7858
 0.0416 -0.1307  0.7242
 0.1166 -0.1811  0.6832
 0.1497 -0.1916  0.7685
 0.5107 -0.1651 -0.0129
 0.4959 -0.1934  0.0203
 0.5175 -0.1348  0.0458
 0.4775 -0.2888  0.0047
 0.4250 -0.3051  0.0469
 0.4640 -0.2477  0.0826
 0.4225 -0.3772  0.0645
 0.4837 -0.4109  0.0092
 0.4272 -0.3001  0.1280
-0.3800 -0.8669  0.2729
-0.2977 -0.9122  0.3795
-0.3041 -0.8984  0.4244
-0.4174 -0.7777  0.0981
-0.3414 -0.8319  0.3999
-0.4336 -0.7663  0.2443
-0.4358 -0.8102  0.1791
 0.4138 -0.3197 -0.2174
 0.3304 -0.3859 -0.1891
 0.3070 -0.3616 -0.3155
 0.2737 -0.3842 -0.2522
 0.2917 -0.3424 -0.4469
 0.4750 -0.3220 -0.3264
-0.3978 -0.0703  0.4860
-0.4522 -0.0517  0.5122
-0.4501 -0.0539  0.6131
-0.3683 -0.0692  0.6641
-0.4115 -0.0890  0.6696
 0.4967  0.2852  0.5819
 0.5177  0.2410  0.5398
 0.5227  0.2115  0.4994
 0.4869  0.2639  0.6241
 0.5492  0.1624  0.5849
 0.5721  0.1299  0.5266
-0.3034 -0.3883  0.2446
-0.3018 -0.4626  0.3804
-0.2907 -0.3910  0.3476
-0.2847 -0.4892  0.4570
-0.2896 -0.4249  0.4592
-0.2973 -0.4713  0.3625
-0.0259 -0.8449  0.6739
-0.4730  0.1988  0.6486
-0.4794  0.2386  0.6468
-0.5509  0.1722  0.5853
-0.5004  0.2781  0.5889
-0.4246  0.2904  0.7228
 0.6377 -0.0423 -0.1880
 0.6623 -0.1339 -0.2455
 0.6285  0.0029 -0.2722
 0.6708 -0.1016 -0.2089
 0.5922 -0.2821 -0.2086
 0.6229 -0.1848 -0.1948
 0.5704 -0.2189 -0.1840
 0.5615 -0.3217 -0.1858
 0.5172 -0.1626 -0.1694
 0.1466 -0.0619  0.7856
 0.1059 -0.0757  0.8284
 0.1860 -0.1569  0.7711
 0.2201 -0.0895  0.7472
 0.2558 -0.1346  0.7224
 0.2696 -0.1529  0.7176
 0.2124 -0.2109  0.2151
 0.4042 -0.1883  0.1759
 0.4294 -0.1880  0.1955
 0.2771 -0.1854  0.1305
-0.1120 -0.2595  0.6980
-0.1451 -0.2495  0.7497
-0.0790 -0.3025  0.7179
-0.0986 -0.1934  0.6787
-0.0640 -0.2771  0.6978
-0.3090 -0.8024  0.4618
-0.3008 -0.8560  0.4676
-0.2452 -0.6951  0.6070
-0.2741 -0.6870  0.5269
-0.1848 -0.2088  0.1787
-0.1764 -0.2217  0.1295
-0.1300 -0.1989  0.1633
-0.2614 -0.1965  0.1940
-0.2855 -0.1827  0.1326
-0.2118 -0.2194  0.2343
-0.2017 -0.2282  0.0653
-0.1302 -0.2259  0.0803
-0.0836 -0.2356  0.1082
 0.4032 -0.5388  0.0379
 0.3891 -0.4612  0.1774
 0.3935 -0.4454  0.0731
 0.4222 -0.3262  0.1679
 0.4399 -0.4697  0.0085
 0.1483  0.0248  0.7143
 0.1249  0.0597  0.6912
 0.0745  0.1095  0.7343
 0.1795 -0.0113  0.7000
 0.1732 -0.0207  0.5641
 0.0909  0.1578  0.6862
 0.5505 -0.0741  0.4253
 0.5724 -0.0567  0.2882
 0.5585  0.0203  0.4703
 0.5387 -0.0962  0.3947
 0.5736 -0.0609  0.4732
 0.5984 -0.0842  0.3872
 0.4970 -0.4897  0.0489
 0.4683 -0.5353  0.0255
 0.5284 -0.3314  0.0606
 0.5033 -0.4485  0.1307
-0.1147 -0.3240  0.4320
-0.1680 -0.3356  0.4139
-0.1704 -0.2635  0.3464
-0.1085 -0.2959  0.4084
-0.1098 -0.2339  0.3876
-0.0411  0.7535  0.6470
 0.1431  0.7175  0.6620
 0.1133  0.8145  0.5749
 0.0944  0.6229  0.7364
 0.2058  0.6824  0.6632
 0.1790 -0.2086  0.1782
 0.0075  0.1280  0.8171
 0.0116  0.0557  0.8903
 0.1000  0.0096  0.7751
-0.0208  0.0334  0.9096
 0.0219  0.0135  0.9015
-0.0188  0.1410  0.8125
 0.6081 -0.2122  0.4084
 0.6526 -0.1612  0.2931
 0.6386 -0.1523  0.3654
 0.6553 -0.0653  0.2482
 0.6066 -0.1016  0.4532
 0.3249  0.2481  0.5294
 0.4116  0.2216  0.4536
 0.4534  0.2159  0.4822
 0.4042  0.2349  0.6131
 0.2532  0.2539  0.6041
 0.2448  0.2464  0.4809
 0.0581 -0.2342  0.6953
 0.1055 -0.2577  0.6856
 0.0091 -0.3081  0.7472
-0.6699 -0.1238 -0.1910
-0.6649 -0.0732 -0.1915
-0.6661 -0.1536 -0.2299
-0.6483 -0.1646 -0.2008
-0.6530 -0.0727 -0.1298
 0.0125 -0.9529  0.6724
-0.0798 -0.7225  0.6865
-0.0627 -0.9150  0.6368
-0.2320  0.2984  0.7987
-0.1840  0.2752  0.7978
-0.1266  0.2960  0.8331
-0.2161  0.2613  0.7659
-0.2721  0.2764  0.7738
-0.1333  0.2525  0.7955
-0.2873  0.2816  0.7388
-0.3274  0.2647  0.7118
-0.2110  0.2670  0.7200
 0.4540  0.1332  0.4079
 0.3638  0.0431  0.4191
 0.4619  0.0554  0.4112
 0.4883  0.0713  0.4244
 0.4045 -0.0010  0.4195
 0.4108 -0.0286  0.4366
 0.4309 -0.0675  0.5008
-0.4501 -0.6689  0.0218
-0.4706 -0.7130  0.0720
-0.4650 -0.5518  0.0226
-0.4126 -0.6788  0.0308
-0.4237 -0.5930  0.0119
-0.4717 -0.4160  0.0097
 0.4389 -0.3114  0.1836
 0.4681 -0.3099  0.2116
 0.3940 -0.2620  0.2769
 0.1091 -0.1751 -0.7307
 0.0004 -0.2599 -0.7182
 0.0080 -0.1535 -0.7679
 0.1164 -0.2582 -0.6636
 0.1886 -0.0377 -0.7921
 0.4994 -0.0813  0.6202
 0.4503 -0.0988  0.6558
 0.4814 -0.1954  0.6140
 0.4502 -0.0618  0.6461
 0.3261 -0.0678  0.6858
 0.3178 -0.1033  0.7148
 0.4815  0.2055  0.6478
 0.5891  0.0273  0.5231
 0.5253  0.1021  0.5799
-0.5874 -0.2255  0.0606
-0.5869 -0.2421  0.0327
-0.5301 -0.3204  0.0552
-0.5841 -0.1771 -0.0166
-0.5235 -0.3068  0.0214
-0.5385 -0.2858  0.0963
-0.5968 -0.1485  0.0208
-0.5833 -0.1501  0.0647
-0.5453 -0.1536  0.0827
 0.2126 -0.5582  0.5928
 0.1772 -0.5640  0.5512
 0.1986 -0.4905  0.5532
 0.2255 -0.4905  0.5823
 0.2481 -0.5373  0.5716
-0.4786  0.0901  0.4090
-0.4520 -0.0022  0.4396
-0.4948  0.0877  0.4276
-0.4053 -0.0358  0.4393
-0.2560 -0.6457  0.3242
-0.2917 -0.6450  0.3303
-0.2608 -0.6275  0.3864
-0.2216 -0.6446  0.3507
-0.2296 -0.6801  0.3283
-0.2907 -0.6745  0.3097
 0.1035  0.5214 -0.8365
 0.0776  0.6085 -0.8040
 0.1714  0.6755 -0.7593
 0.0515  0.6939 -0.7577
-0.1226  0.6014 -0.8092
-0.1012 -0.3555  0.7689
-0.0719 -0.3359  0.8055
-0.1281 -0.2959  0.7576
-0.0240 -0.3720  0.8191
-0.0906 -0.4686  0.8400
-0.0508 -0.3326  0.7583
-0.0174 -0.3116  0.7509
-0.0246 -0.3320  0.8388
-0.0048 -0.3076  0.8279
-0.3424 -0.3069  0.2443
-0.3135 -0.3396  0.3323
-0.3961 -0.2725  0.3468
-0.2751 -0.2436  0.2257
-0.4062 -0.1939  0.2039
 0.5331 -0.1901 -0.0265
 0.5170 -0.3133  0.0174
 0.5786 -0.1584 -0.0253
 0.5324 -0.1184 -0.0088
 0.2605 -0.4379  0.3830
 0.2411 -0.4902  0.3992
 0.2236 -0.5030  0.3695
 0.2172 -0.6755  0.3481
 0.2052 -0.6711  0.4081
 0.2333 -0.6336  0.3689
 0.2320 -0.6722  0.3213
 0.2814 -0.6507  0.3196
-0.2593  0.2534  0.5035
-0.2433  0.2254  0.4588
-0.2008  0.2303  0.4883
-0.1473  0.1937  0.5069
-0.1471  0.2199  0.6373
-0.2295  0.2548  0.6317
 0.3479 -0.6433  0.3469
 0.3230 -0.6758  0.3596
 0.3766 -0.7253  0.3374
 0.3100 -0.7196  0.3782
-0.1842 -0.5273  0.5341
-0.2043 -0.4704  0.5450
-0.2189 -0.5333  0.5926
-0.2290 -0.5993  0.5790
-0.4357 -0.4245  0.0240
-0.4187 -0.3134  0.0687
-0.4086 -0.3699  0.1195
-0.4207 -0.3106  0.2010
-0.4002 -0.4026  0.1817
-0.3970 -0.4682  0.0485
-0.4308 -0.3112  0.1498
 0.0455 -0.2257  0.3757
-0.0300 -0.2593  0.3967
 0.0155 -0.3178  0.4491
 0.1262 -0.7085  0.7828
 0.6486 -0.0874 -0.1378
 0.5542 -0.1065 -0.1037
 0.5450 -0.1057 -0.1411
 0.1728  0.1171  0.4803
 0.2396  0.1657  0.4614
 0.2532  0.1221  0.4451
 0.2249  0.2177  0.4600
-0.1807 -0.4113  0.4503
-0.2878 -0.4467  0.2411
-0.2748 -0.3791  0.2155
-0.2471 -0.2873  0.2550
-0.5203 -0.1237  0.0333
-0.5001 -0.2009  0.0314
-0.5226 -0.1305 -0.0093
-0.5642 -0.1288 -0.0128
-0.5295 -0.1733 -0.0291
-0.3569 -0.2283  0.0004
-0.3151 -0.2674 -0.0216
-0.3091 -0.2259  0.0490
-0.3922 -0.2296  0.0346
-0.4076 -0.2109  0.0818
-0.2322 -0.2980 -0.0253
-0.4809 -0.5739  0.0543
-0.5010 -0.4788  0.0483
 0.4843 -0.2441  0.6021
 0.4030 -0.1767  0.6355
 0.3163 -0.2296  0.6179
 0.2707 -0.2888  0.5780
 0.3949 -0.2670  0.5879
-0.5691  0.1473  0.5288
-0.5285  0.2065  0.5145
-0.5564  0.0813  0.4727
-0.5339  0.1738  0.4003
 0.1429  0.2048  0.5200
 0.1997  0.2293  0.4857
-0.5409 -0.1164  0.0287
 0.4670  0.1639  0.4296
 0.4823  0.1812  0.4906
 0.5759 -0.1349  0.0259
 0.5542 -0.1349 -0.0072
 0.6208 -0.1130  0.0616
-0.1132 -0.3483 -0.0798
-0.1819 -0.4086 -0.1038
-0.1792 -0.6874  0.6453
-0.1595 -0.7184  0.7355
-0.1211 -0.7011  0.7219
-0.0924 -0.7130  0.7883
-0.1284 -0.7047  0.7743
-0.1422 -0.6921  0.6356
 0.1290 -0.6315  0.7191
 0.1448 -0.6152  0.7310
 0.1408 -0.7159  0.7122
-0.3021 -0.6435  0.2880
-0.3136 -0.5961  0.2564
-0.3495 -0.6633  0.2306
-0.4481  0.0935  0.4032
-0.4668  0.1507  0.4161
-0.4482  0.1996  0.4422
-0.4646  0.2121  0.4950
-0.4308  0.2302  0.4894
-0.3335  0.2260  0.4470
 0.0058 -0.6138  0.8596
 0.3029 -0.4637  0.4198
-0.4639 -0.3100  0.0131
-0.0404 -0.2147  0.3629
-0.0012 -0.1613  0.3311
-0.0232 -0.3078 -0.1053
-0.0941 -0.3400 -0.1149
-0.0076 -0.2637 -0.1155
-0.0807 -0.3071 -0.1310
 0.3865 -0.0454  0.4489
 0.3861 -0.0294  0.3940
 0.3685 -0.0101  0.4238
 0.3702 -0.0677  0.4824
 0.1304 -0.2198  0.6969
 0.0901 -0.6199  0.8498
 0.4737 -0.4536  0.2343
 0.4073 -0.4890  0.3017
 0.3941 -0.5635  0.3022
 0.3674 -0.5390  0.3070
 0.4281 -0.4054  0.3360
 0.3742 -0.4667  0.2952
-0.4005 -0.2144  0.2374
-0.3579 -0.2387  0.2216
-0.1404 -0.6924  0.7457
 0.0378 -0.7093  0.7963
 0.0377 -0.7086  0.7705
 0.0483 -0.6137  0.8194
 0.0021 -0.6703  0.8342
 0.0075 -0.7214  0.7899
-0.2179 -0.6831  0.6066
-0.5859  0.0254  0.0012
-0.5473  0.0046  0.1513
-0.5509  0.0595  0.1409
-0.5597 -0.0232  0.0685
-0.6032  0.0078 -0.0627
-0.6010  0.0228 -0.1336
-0.6288  0.1758  0.0552
 0.0733 -0.2792  0.0103
 0.1125 -0.2295  0.0600
 0.0529 -0.2430  0.0680
 0.0630 -0.2388  0.1057
 0.1378 -0.2277  0.1060
 0.1713 -0.2393  0.0570
 0.3015 -0.2365  0.0312
 0.3600 -0.2276  0.0022
 0.3576 -0.2192  0.0654
 0.0718 -0.8693  0.7694
 0.3927 -0.6787  0.1033
 0.3677 -0.6192  0.1870
 0.2358 -0.6867  0.4300
 0.2231 -0.6681  0.4053
 0.2485 -0.6522  0.4309
-0.0456  0.1332  0.7919
-0.0572  0.0115  0.8930
-0.6106 -0.1005  0.0037
-0.6019 -0.1103 -0.0501
-0.6226 -0.0899 -0.1335
 0.5449  0.0780  0.3489
 0.5225  0.2665  0.4479
-0.2374  0.0598  0.4569
-0.2041  0.0678  0.4079
-0.1811 -0.0134  0.5150
 0.1683 -0.6081  0.7164
 0.1657 -0.6330  0.7367
 0.6144 -0.2432 -0.2441
 0.5515 -0.3815 -0.2351
 0.5580 -0.3460 -0.3584
 0.5253 -0.3881 -0.2277
 0.5208 -0.3877 -0.2977
-0.2268 -0.4666  0.5545
 0.2570 -0.5053  0.5022
 0.2790 -0.5312  0.4164
 0.2499 -0.4607  0.4568
 0.2368 -0.4708  0.4303
-0.1115 -0.3638  0.5324
-0.0738 -0.3598  0.5330
-0.0957 -0.4460  0.6498
-0.0260 -0.3779  0.6314
-0.2654 -0.5887  0.4732
-0.0041 -0.2362  0.0683
-0.0088 -0.1993  0.2187
 0.0614 -0.1969  0.2677
-0.2060 -0.6356  0.5933
-0.1751 -0.6475  0.5228
-0.1710 -0.6052  0.5535
-0.2077 -0.6968  0.5392
-0.2085 -0.6832  0.4971
-0.3863 -0.2757  0.2848
-0.4163 -0.2571  0.2679
 0.2997 -0.8395  0.3057
 0.3354 -0.7056  0.2555
 0.2935 -0.6742  0.3070
 0.2744 -0.7359  0.3461
-0.0720 -0.2203  0.1434
-0.1139 -0.1988  0.2754
 0.4780 -0.0306  0.5853
 0.5054  0.0908  0.5591
 0.5069  0.1380  0.5878
 0.2044 -0.9065  0.4614
 0.2160 -0.8047  0.4683
 0.1543 -0.7291  0.5782
 0.1097 -0.3426 -0.0732
 0.1957 -0.4290 -0.1315
 0.2327 -0.3873 -0.0774
 0.2671 -0.4272 -0.1295
 0.2858 -0.3320  0.5311
 0.3241 -0.3268  0.4651
 0.2296  0.8510 -0.5671
 0.3694  0.7300 -0.5905
 0.1724  0.8389 -0.6170
 0.1031  0.9328 -0.4910
 0.0978  0.8500 -0.6260
 0.3222  0.6337 -0.7102
 0.2521 -0.0687  0.7320
 0.2429 -0.0916  0.7019
 0.3965 -0.2743 -0.1406
 0.3515 -0.3062 -0.1155
 0.3910 -0.3218 -0.1913
 0.3776 -0.3031 -0.0847
-0.1831 -0.6822  0.5779
-0.1410 -0.0678  0.8005
-0.2522 -0.1362  0.7264
 0.2543 -0.6800  0.3639
-0.1789 -0.4663  0.5173
-0.1728 -0.5128  0.5933
-0.1830 -0.5106  0.5110
-0.2028 -0.5030  0.4753
 0.0105 -0.7075  0.7663
 0.0119 -0.6444  0.8026
 0.0088 -0.5314  0.8188
 0.0121 -0.5152  0.7950
 0.0716 -0.5052  0.8283
 0.0027 -0.5273  0.8480
-0.0650 -0.1996  0.2668
-0.1132 -0.1809 -0.7260
-0.1801 -0.0160 -0.8075
-0.0100 -0.1788 -0.7597
-0.5580 -0.3590 -0.2169
-0.5503 -0.2994 -0.1746
-0.5829 -0.2298 -0.1937
 0.5952 -0.1558  0.0081
 0.5769 -0.1256  0.0400
-0.2100 -0.4952  0.6682
-0.1874 -0.5959  0.6641
-0.1917 -0.4931  0.6655
 0.5463  0.0182  0.1408
 0.5676  0.0241  0.0470
 0.5518  0.0662  0.1392
 0.5672 -0.0371  0.0633
 0.6006  0.0378 -0.0335
 0.4878 -0.2679  0.5745
-0.6580  0.3730 -0.2226
-0.6529  0.3158 -0.3032
-0.6581  0.2762 -0.2667
-0.6663  0.3986 -0.0144
-0.6332  0.5003 -0.1739
 0.2851  0.2882  0.7433
 0.2351  0.2609  0.7649
 0.2910  0.2683  0.7258
 0.3334  0.2713  0.7379
 0.2644  0.2775  0.7732
-0.5570 -0.0658 -0.4689
-0.5947 -0.0425 -0.4177
-0.5379 -0.0207 -0.5188
-0.4710 -0.1341 -0.5469
-0.5271 -0.1735 -0.4752
-0.0343 -0.2259  0.7247
-0.0403 -0.1416  0.7222
-0.0032 -0.3035  0.7622
-0.3211  0.2789  0.7491
 0.2085 -0.2471  0.7014
 0.5489 -0.0138  0.2093
 0.1859  0.3418  0.8046
 0.1388  0.3990  0.7889
 0.0042  0.3701  0.8121
 0.0413  0.2745  0.8488
-0.0160  0.4241  0.7842
-0.6430 -0.0596 -0.2224
-0.6474 -0.0515 -0.0815
 0.1007  0.9789  0.0701
 0.2754  0.9216  0.1691
 0.1613  0.9700 -0.0599
 0.1496  0.9240  0.3078
 0.3208  0.8168  0.4186
 0.3070  0.9254 -0.0547
 0.3877  0.8563  0.2225
-0.6166  0.6153 -0.0514
-0.6010  0.5751 -0.2710
-0.6461  0.3929 -0.3105
-0.5787  0.6770 -0.1418
-0.5567  0.7140  0.0321
-0.6070  0.5903  0.0999
-0.6324  0.5374  0.0026
 0.6572  0.2096 -0.2542
 0.6160  0.0857 -0.1984
 0.6480  0.1849 -0.2932
 0.6586  0.2686 -0.2810
 0.6571  0.2739 -0.0609
 0.0103  0.5878  0.7445
-0.0693  0.6124  0.7411
-0.0882  0.5119  0.7781
 0.1117  0.5175  0.7772
 0.1183 -0.2057  0.1497
-0.0526  0.1663  0.7880
-0.0832  0.1501  0.7218
-0.0780  0.1728  0.7387
-0.0440  0.1963  0.8147
 0.2314 -0.5431  0.4987
 0.2341 -0.4845  0.4820
 0.2094 -0.5136  0.4452
-0.2773 -0.5262  0.4242
 0.1495 -0.4759  0.7535
-0.1516  0.5270  0.7634
-0.1805  0.3875  0.7813
-0.2475  0.5000  0.7274
-0.1788  0.6694  0.6835
 0.2541 -0.5876  0.4936
-0.6018 -0.1320  0.4940
-0.5300 -0.0842  0.5845
-0.4841 -0.0786  0.6378
-0.4839 -0.2404  0.6031
 0.6439  0.4058  0.0663
 0.6671  0.3451 -0.1668
 0.6286  0.5348  0.0153
 0.6299  0.5296 -0.0898
 0.6608  0.3021 -0.2391
 0.6527  0.3963 -0.2302
-0.4982 -0.4415  0.1570
-0.3769 -0.6539  0.1460
-0.3884 -0.4741  0.1777
-0.3279 -0.8127  0.2539
-0.3055 -0.7206  0.3795
-0.2997 -0.6762  0.4636
 0.1848 -0.6008  0.6507
 0.1930 -0.6090  0.6293
 0.1679 -0.6074  0.6374
 0.2137 -0.6076  0.6062
 0.1834 -0.6109  0.5976
 0.2243 -0.5823  0.4148
 0.2483 -0.5748  0.4262
 0.4040 -0.2471  0.0288
 0.0101 -0.5146  0.7555
-0.0505 -0.5169  0.7462
 0.0899 -0.5193  0.7158
 0.4679  0.2001  0.6464
-0.5869  0.0683  0.5213
-0.5174 -0.2396  0.0906
-0.4946 -0.2223  0.0708
-0.4823 -0.3062  0.1430
 0.4708 -0.2014  0.3901
 0.4031 -0.2708  0.3728
 0.3824 -0.2964  0.4149
 0.4328 -0.2789  0.4626
 0.2248 -0.5841  0.3509
 0.2104  0.2680  0.7089
 0.1254  0.2563  0.8038
 0.3348 -0.6256  0.3343
 0.3519 -0.4838  0.2473
 0.3037 -0.6422  0.3031
-0.5313 -0.3301 -0.3836
-0.5599 -0.3355 -0.3649
-0.5461 -0.3872 -0.2660
 0.2224 -0.4659  0.5426
 0.2267 -0.4779  0.3513
-0.2665 -0.0636  0.7258
-0.1744 -0.0078  0.7390
-0.2192 -0.0262  0.7106
-0.2249 -0.0797  0.7489
-0.3121 -0.0962  0.7174
-0.2442 -0.0924  0.7001
-0.0860 -0.1139  0.7376
-0.0387 -0.0269  0.8187
 0.5643 -0.0882  0.1360
 0.5591 -0.0907  0.2746
 0.6623 -0.0818  0.1183
 0.1767 -0.6805  0.4950
-0.1651 -0.5979  0.7064
-0.1658 -0.5880  0.6818
 0.6305 -0.1273  0.2139
 0.6278 -0.1243  0.1563
 0.6378 -0.1666  0.2728
-0.1654 -0.5220  0.7142
-0.2111 -0.5154  0.5062
-0.1938 -0.5225  0.5984
-0.2385 -0.6213  0.5028
-0.2343 -0.6785  0.5419
 0.0425 -0.4787  0.8674
 0.1125 -0.4618  0.8224
-0.4263 -0.3097  0.3653
-0.4519 -0.3344  0.3376
 0.5021 -0.3269  0.1608
 0.4761 -0.3140  0.2272
-0.4089 -0.3521 -0.0918
 0.6537  0.3177 -0.2898
 0.6414  0.3145 -0.4026
 0.6347  0.4419 -0.3248
 0.6459  0.1429 -0.3653
 0.2994  0.0211  0.3990
 0.2735  0.0310  0.4419
 0.3244 -0.0273  0.4428
 0.2556  0.0478  0.3777
 0.2587  0.0769  0.4076
-0.0663 -0.2382  0.0687
-0.1223 -0.2321  0.0609
-0.2174 -0.5125  0.6519
 0.4313 -0.3038 -0.1189
 0.4032 -0.3769 -0.0922
-0.5399 -0.1391 -0.1733
-0.6121 -0.2420 -0.2235
 0.0154 -0.0942  0.7730
-0.0147 -0.0776  0.8496
-0.0034 -0.0149  0.8467
 0.3239 -0.5523  0.2486
 0.1930 -0.5186  0.6569
 0.2196 -0.4935  0.6655
 0.1998 -0.5229  0.6067
 0.2779 -0.8823  0.5342
 0.2229 -0.9164  0.6984
 0.2417 -0.9590  0.5556
 0.1917 -0.9199  0.7309
 0.2236 -0.8310  0.6466
 0.1489 -0.9927  0.7135
 0.5962 -0.1167  0.1035
-0.6127 -0.0731  0.0468
-0.6525 -0.0694  0.1217
-0.6118 -0.0740  0.1266
-0.6013 -0.0603  0.0126
-0.6498 -0.1044  0.1069
-0.5690 -0.0706  0.1196
 0.1399 -0.9918  0.7007
-0.3863 -0.0298  0.3944
-0.0058 -0.2415 -0.2374
 0.0446 -0.2482 -0.2646
 0.0357 -0.2496 -0.2246
 0.0036 -0.2239 -0.1766
 0.1993 -0.0090  0.4937
 0.1728  0.0676  0.5108
 0.2369  0.0564  0.4099
-0.6354 -0.0950  0.3409
-0.6316 -0.1706  0.3840
-0.6697 -0.0889  0.2114
-0.6287 -0.2001  0.3719
-0.5918 -0.0812  0.4889
-0.6539 -0.0585  0.2217
-0.5673 -0.0385  0.4810
-0.6053 -0.0990  0.1363
-0.5759 -0.0940  0.1188
-0.6318 -0.0831  0.2046
-0.5655 -0.1196  0.0872
-0.6189 -0.1193  0.1240
-0.5251 -0.1184  0.1825
-0.3049 -0.2932 -0.0611
-0.1460 -0.3269 -0.5662
-0.0097 -0.3387 -0.5871
-0.2286 -0.3296 -0.5023
-0.1749 -0.3782 -0.3995
 0.1671 -0.3287 -0.5585
-0.0011 -0.3802 -0.4921
 0.2217 -0.3281 -0.5164
 0.4156 -0.0633  0.6438
 0.3889 -0.3461 -0.0804
 0.3891 -0.4039 -0.0680
-0.5578 -0.0362  0.2301
-0.5506  0.1069  0.2910
-0.5670  0.1867  0.2966
-0.2641  0.0944  0.4268
-0.1690 -0.2927 -0.0207
-0.4892 -0.2152  0.4070
-0.4621 -0.1960  0.3761
-0.5559 -0.2481  0.3797
-0.0457 -0.2537 -0.2013
-0.0550 -0.2558 -0.2640
-0.0114 -0.2473 -0.2874
-0.1334 -0.3100 -0.2309
-0.1277 -0.3789 -0.4069
-0.3237 -0.3428 -0.4120
-0.3742 -0.2888 -0.4891
 0.6600 -0.1212  0.1682
 0.4537 -0.5608  0.2050
-0.2336 -0.6458  0.4200
-0.2102 -0.6578  0.4722
-0.2247 -0.9423  0.4584
-0.1615 -0.9071  0.5255
-0.0972 -0.9349  0.6245
-0.1290 -0.9730  0.6486
 0.0971 -0.4926  0.7858
-0.1938 -0.5932  0.6352
 0.2081 -0.4850  0.5209
 0.1670 -0.7168  0.6753
-0.0659 -0.4846  0.8164
-0.0462 -0.4785  0.8026
 0.0640 -0.4904  0.8150
 0.0980 -0.6003  0.8522
 0.0067 -0.5974  0.8231
-0.0043 -0.6046  0.8314
 0.1269  0.2122  0.6535
 0.0647  0.1581  0.7378
 0.1966  0.2457  0.6608
 0.0638  0.9651 -0.3903
 0.1260  0.9788 -0.3022
-0.0111  0.9444 -0.4166
-0.0063  0.9648 -0.3331
-0.0145  0.8845 -0.5616
-0.0584 -0.9615  0.6743
-0.1458 -0.9931  0.6916
 0.0007 -1.0000  0.7149
 0.6112  0.1959  0.1196
 0.5648  0.1845  0.2846
 0.6288  0.3100  0.1091
 0.6010  0.4062  0.2448
-0.0538 -0.3459 -0.3912
 0.0031 -0.3795 -0.4484
 0.4301 -0.6225  0.0119
-0.4486 -0.2876  0.0266
-0.5830 -0.2438  0.4001
-0.5923 -0.1952  0.3273
-0.4724 -0.2892  0.5001
-0.4787 -0.2746  0.5683
-0.6404 -0.1424  0.2163
-0.3018 -0.8866  0.3319
-0.2202 -0.9740  0.5787
 0.5031 -0.1538 -0.1371
 0.4485 -0.3182 -0.2066
 0.2264 -0.9598  0.4989
 0.2995 -0.9133  0.4111
 0.3369 -0.8311  0.4089
 0.0743 -0.9057  0.6242
-0.2232  0.2706  0.6814
-0.4049  0.2372  0.6946
-0.0934  0.1018  0.7289
-0.1387  0.0453  0.6989
 0.3780 -0.4258  0.2528
 0.3899 -0.3149  0.3318
 0.2354 -0.0407  0.5049
 0.1507  0.0663  0.5434
 0.6562 -0.1811 -0.2194
-0.2618  0.3542  0.7680
-0.2246 -0.9141  0.7044
 0.0244 -0.3716  0.8190
-0.0362 -0.4809  0.8689
-0.0002 -0.4421  0.8360
-0.2103 -0.3022 -0.5569
 0.6426 -0.1721 -0.3042
 0.0717 -0.4888  0.7196
 0.0523 -0.3755  0.6161
 0.0754 -0.2130  0.3107
 0.1206 -0.1958  0.2922
 0.1255 -0.2031  0.2438
-0.2140 -0.0534  0.6410
-0.1635 -0.0114  0.6674
 0.3363 -0.3208  0.4022
 0.5793 -0.2811 -0.3289
 0.5524 -0.2462 -0.4441
 0.5677 -0.2020 -0.4193
 0.0303 -0.3560  0.5273
 0.2570 -0.4247 -0.1911
 0.1855 -0.4202 -0.1731
 0.2221 -0.3805 -0.2509
-0.4729 -0.3121  0.2291
-0.4056 -0.3216  0.3510
-0.3838 -0.4854  0.3051
-0.3679 -0.4524  0.2651
 0.2012  0.0707  0.4097
 0.4320  0.2888  0.7182
 0.0651  0.1806  0.7763
 0.0138  0.1626  0.8073
 0.0190  0.1963  0.8177
-0.1260  0.6957 -0.7555
-0.0936  0.8189 -0.6540
-0.5875 -0.2883 -0.2918
-0.5566 -0.2376 -0.4398
-0.5432 -0.2768 -0.4239
-0.5006 -0.2321 -0.4656
 0.4458 -0.3437  0.3469
-0.2217 -0.0347  0.5015
 0.5913  0.6384  0.0722
 0.5873  0.6765 -0.0469
 0.5097  0.7719  0.0192
 0.4287  0.8477 -0.0640
 0.3702  0.8889  0.0148
 0.5307  0.7430 -0.1552
 0.4818  0.8047  0.0642
 0.4544 -0.2055  0.3010
 0.4690 -0.1761  0.3181
 0.1894 -0.4377  0.7271
 0.1957 -0.4847  0.7188
 0.4952 -0.2819 -0.4084
 0.4977 -0.2210 -0.4741
 0.5178 -0.2477 -0.4499
 0.5204 -0.3102 -0.3995
 0.3042 -0.7529  0.4792
 0.2747 -0.7095  0.5366
 0.1629 -0.4863  0.5758
 0.1709 -0.5136  0.6049
-0.4380 -0.1822  0.1350
-0.0055 -0.3283 -0.0285
-0.1944 -0.4082 -0.1948
-0.3241 -0.0721 -0.6816
-0.3345  0.0393 -0.7202
-0.2305  0.0527 -0.8043
-0.4297 -0.2053 -0.5365
 0.5844 -0.0169  0.5308
 0.5023 -0.0097  0.5913
 0.5911 -0.0785  0.5171
-0.1751 -0.8197  0.7075
-0.0853 -0.8546  0.7632
-0.1324 -0.7577  0.7687
 0.3661 -0.3073 -0.4739
 0.4050 -0.2500 -0.5189
 0.5706 -0.2524  0.4207
 0.6013 -0.1374  0.4931
 0.2075 -0.4135  0.3845
 0.2292  0.7648  0.5750
 0.1728  0.8460  0.5006
 0.4457  0.6847  0.4505
 0.3906  0.5993  0.5794
-0.6137 -0.1180 -0.3824
-0.5466 -0.1951 -0.4626
-0.6467 -0.1647 -0.3031
 0.1400 -0.3646  0.7561
 0.4830 -0.1392 -0.5334
 0.5477 -0.2006 -0.4591
 0.5755 -0.0766 -0.4422
 0.4603 -0.0626 -0.5737
-0.3529 -0.2268  0.6161
-0.4142 -0.1327  0.6604
-0.4692 -0.1882  0.6186
-0.2532 -0.2667  0.6180
-0.2772 -0.1416  0.7170
-0.5102  0.1388  0.5827
 0.4068  0.3550  0.6995
 0.3601  0.3056  0.7484
-0.2104 -0.9503  0.6936
-0.0736  0.9934 -0.1313
-0.1849  0.9737 -0.1239
-0.2641  0.9399 -0.0421
-0.3847  0.8782 -0.0141
-0.0911  0.9682 -0.3925
-0.2238  0.9352 -0.3731
 0.6047  0.5998 -0.1896
 0.1188 -0.9767  0.6670
 0.1284 -0.9256  0.5692
 0.2401 -0.9387  0.4428
-0.5025 -0.3301  0.1649
 0.2074 -0.0504  0.6487
 0.5082 -0.0266 -0.5445
-0.2422 -0.5017  0.5609
-0.2542 -0.4570  0.5890
-0.0062 -0.1728  0.7846
 0.4224 -0.8283  0.2397
-0.1420 -0.7236  0.6085
-0.1827 -0.7601  0.5266
-0.2696 -0.3314  0.5517
 0.1926 -0.8647  0.6900
 0.1852 -0.8474  0.6639
 0.0970 -0.8277  0.7588
 0.6293  0.0615 -0.3071
 0.6052 -0.0336 -0.3873
-0.5415  0.4848 -0.5460
-0.5554  0.3450 -0.5690
-0.5929  0.4618 -0.4537
-0.5830  0.2066 -0.5248
-0.4150  0.2474 -0.7266
-0.4327  0.4399 -0.6974
-0.6501  0.1927 -0.3691
-0.2430 -0.8667  0.4002
 0.6126  0.5297  0.0902
 0.6236  0.4337  0.1280
-0.3648 -0.4676  0.2248
 0.6158 -0.1029 -0.3583
 0.6054  0.1151 -0.4745
 0.3734 -0.2851  0.2632
 0.1907  0.9725 -0.1185
-0.3963 -0.7280  0.0866
-0.5029 -0.3021  0.0077
-0.4279  0.4117  0.6474
 0.1360 -0.3790 -0.3959
 0.1758 -0.3460 -0.2472
-0.1114  0.1370  0.6561
-0.2798 -0.7267  0.3337
-0.4419  0.7768 -0.3760
-0.3305  0.8737 -0.3699
-0.3347  0.8259 -0.4923
-0.4540  0.8145 -0.1605
 0.1325  0.0958  0.4152
-0.5049  0.6455 -0.4697
-0.4479  0.6448 -0.5753
 0.3541  0.1962 -0.7659
 0.1830  0.1513 -0.8404
 0.2862  0.3005 -0.8149
 0.1497  0.1235 -0.8528
 0.1070  0.3626 -0.8635
-0.2932  0.8137 -0.5669
-0.5579  0.5702  0.3292
-0.5995  0.4742  0.2592
-0.5099  0.4438  0.5277
-0.4564  0.7136  0.3781
-0.4385  0.6456  0.4823
 0.1553  0.4169  0.7806
-0.0284 -0.8015  0.7792
 0.4777 -0.2886  0.5272
-0.2441  0.1561 -0.8151
-0.1334  0.0530 -0.8451
-0.1123  0.1732 -0.8591
-0.0566  0.1463 -0.8733
-0.0060 -0.0301 -0.8370
 0.0461  0.8898  0.4540
 0.6132 -0.1207 -0.3810
 0.5501 -0.2525  0.3924
 0.2450  0.9170 -0.4029
 0.3353  0.8604 -0.4131
 0.5771  0.5162 -0.4524
-0.4277 -0.2584  0.5944
-0.1009 -0.8140  0.6389
 0.4722  0.6776 -0.5050
 0.4897  0.5496 -0.5908
 0.5360  0.6504 -0.3783
 0.3884  0.8183 -0.4247
 0.2349  0.5198 -0.8044
 0.3637  0.4693 -0.7517
 0.5577  0.3554 -0.5716
 0.4767  0.3116 -0.6747
-0.3063  0.2694 -0.7988
-0.2875  0.4803 -0.7913
-0.1683  0.4052 -0.8484
 0.6114  0.5465  0.1399
 0.5420  0.5976  0.3676
-0.0152 -0.5000  0.8298
-0.1106  0.2212  0.7270
 0.0089  0.9929 -0.0712
 0.0471  0.9923 -0.1092
-0.6614  0.2442 -0.2367
-0.6401  0.1612 -0.2548
-0.6232  0.0414 -0.2834
-0.6165  0.0216 -0.3516
-0.0198 -0.0280  0.8514
-0.3100  0.8989  0.1781
-0.4619  0.8159  0.0496
-0.3827  0.8362  0.2559
-0.1377  0.9724  0.0760
-0.3922  0.0873 -0.7025
-0.6175 -0.0948 -0.3634
 0.0543  0.0342 -0.8562
-0.0148  0.2661 -0.8769
-0.0165  0.9427  0.2991
-0.1213  0.8536  0.5060
-0.2292  0.9012  0.2853
-0.1993  0.8006  0.5448
 0.4718  0.7253  0.3526
 0.5078  0.4449  0.5338
-0.2473  0.7130 -0.7008
-0.0174  0.4680 -0.8395
-0.2193 -0.5046  0.6549
-0.0809  0.4505 -0.8541
-0.4466 -0.0259 -0.5945
-0.6372  0.3748  0.0902
-0.6325  0.2933  0.1023
-0.6269  0.4639  0.1049
-0.4007 -0.2771 -0.1521
 0.1019 -0.6053  0.8453
-0.3308  0.6138 -0.7128
 0.1909 -0.6312  0.4249
 0.2571  0.0304 -0.7888
-0.1273  0.8902 -0.5661
-0.1499 -0.6034  0.6776
