-0.2419 -0.5725  0.5042
-0.2392 -0.5724  0.5036
-0.2470 -0.5773  0.5054
-0.2152 -0.5529  0.5305
-0.2357 -0.5700  0.5008
-0.3755 -0.6678  0.1098
-0.4102 -0.5740  0.2875
-0.3806 -0.5975  0.3201
-0.5757  0.1770 -0.6770
 0.4155  0.3924  0.3790
 0.3869 -0.0120 -0.6560
-0.1589 -0.1771 -0.1629
-0.3947 -0.3158 -0.0737
-0.3861 -0.3067 -0.0842
-0.3867 -0.3039 -0.0846
-0.4035 -0.3342 -0.0844
-0.3910 -0.3189 -0.0788
 0.6152 -0.0698  0.1213
 0.6143 -0.0798  0.1422
 0.6029 -0.1369  0.3701
 0.4267  0.3072  0.6925
 0.6012 -0.0891  0.1378
-0.1910 -0.5055  0.7611
